+-+-+-+-+-+-+-+-+-+-+-+-+-+-+ GRAFO CARGADO +-+-+-+-+-+-+-+-+-+-+-+-+-+-+-
        1         2         3         4         5         6         7         8         9         10        11        12        13        14        15        16        17        18        19        20        21        22        23        24        25        26        27        28        29        30        31        32        33        34        35        36        37        38        39        40        41        42        43        44        45        46        47        48        49        50        51        52        53        54        55        56
1     0         7.211    51.42    10.198    26.077    75.18    15.232    21.541    63.071    91.236    60.926    53.085    85.428    13.342    69.354    20.248    9.487    64.885    54.626    51.264    59.682    21.954    85.615    83.774    15.811    8.602    22.136    7.071    63.953    17.263    52.173    58.052    17.029    19.235    52.173    13.038    13.038    19.235    87.464    21.213    69.354    15.297    17.029    58.822    69.354    15.297    59.933    17.263    8.602    15.811    85.615    69.354    7.616    13.928    52.173    55.444    
2     7.211    0         56.921    14.56    22.361    78.791    15.62    21.26    67.067    95.079    65.146    57.706    89.32    17.263    73.389    19.849    3.162    68.949    58.822    55.785    64.761    15.811    89.811    87.92    15.556    11.402    17.029    3.162    67.779    15.811    57.567    63.325    17.72    23.195    57.567    7.616    15.033    17.493    91.706    17.263    73.007    14.213    14.765    63.561    73.389    14.213    63.906    13.342    9.055    19.026    89.811    73.389    1.414    14.213    57.567    60.415    
3     51.42    56.921    0         42.379    77.279    101.548    64.281    70.114    89.185    114.018    86.093    9.487    108.6    39.925    94.032    69.181    57.009    90.211    81.413    76.942    9.487    72.732    106.668    105.423    65.376    57.428    73.498    54.424    90.918    67.602    1.414    7.071    43.566    34.438    1.414    56.798    43.382    69.584    107.935    72.567    96.385    65.62    67.897    80.994    94.032    65.62    86.833    68.659    48.847    38.91    106.668    94.032    56.303    63.388    1.414    7.071    
4     10.198    14.56    42.379    0         36.0    82.098    25.298    31.623    69.642    97.755    67.231    43.29    91.924    3.162    75.802    30.364    14.765    71.344    61.057    57.306    50.22    30.364    91.706    89.944    25.962    18.385    31.401    12.083    70.725    27.459    43.012    48.765    9.487    9.055    43.012    15.556    5.099    29.428    93.477    31.016    76.276    25.495    27.166    64.405    75.802    25.495    66.573    27.019    7.071    5.831    91.706    75.802    13.928    24.042    43.012    45.891    
5     26.077    22.361    77.279    36.0    0         68.731    14.422    11.662    59.008    85.159    58.034    79.158    79.762    39.013    65.069    11.402    24.042    61.008    52.154    50.636    85.709    11.402    81.302    79.31    13.038    20.248    7.071    25.495    59.076    10.296    78.09    84.012    40.025    45.011    78.09    27.313    37.336    8.602    83.295    5.099    63.388    12.083    9.487    58.549    65.069    12.083    56.0    9.055    31.401    41.11    81.302    65.069    23.537    14.765    78.09    81.498    
6     75.18    78.791    101.548    82.098    68.731    0         63.906    60.166    12.728    16.492    15.62    109.041    11.045    84.629    7.616    61.4    81.939    11.402    21.26    25.456    110.788    78.854    13.342    11.402    64.514    67.543    74.525    80.957    11.402    65.803    102.927    108.046    91.269    88.238    102.927    86.406    86.822    65.253    15.297    70.612    5.831    66.408    67.72    20.591    7.616    66.408    15.62    71.568    83.726    87.419    13.342    7.616    80.112    65.192    102.927    108.453    
7     15.232    15.62    64.281    25.298    14.422    63.906    0         6.325    52.631    80.324    50.99    67.067    74.632    28.46    58.941    5.099    18.601    54.571    44.721    42.19    73.062    17.72    75.432    73.498    1.414    7.071    14.765    18.385    53.16    4.243    65.192    71.176    31.906    34.205    65.192    23.022    28.178    5.831    77.369    11.402    58.189    3.162    5.831    50.16    58.941    3.162    49.477    9.487    23.022    31.016    75.432    58.941    17.029    1.414    65.192    69.007    
8     21.541    21.26    70.114    31.623    11.662    60.166    6.325    0         49.497    76.655    48.166    73.171    71.063    34.785    55.731    1.414    24.042    51.478    42.048    40.05    79.006    19.026    72.18    70.214    5.831    13.342    15.033    24.207    49.82    5.831    71.063    77.058    38.079    40.522    71.063    28.32    34.438    5.099    74.148    11.045    54.571    7.071    7.616    48.042    55.731    7.071    46.39    11.402    29.155    37.336    72.18    55.731    22.672    7.616    71.063    75.007    
9     63.071    67.067    89.185    69.642    59.008    12.728    52.631    49.497    0         28.178    3.162    96.519    22.361    72.111    6.325    50.636    70.228    2.0    8.602    12.728    98.489    68.469    22.804    20.881    53.367    55.714    64.281    69.08    2.0    54.918    90.554    95.771    78.892    75.604    90.554    74.673    74.431    54.589    24.739    60.299    7.211    55.317    56.886    9.055    6.325    55.317    3.162    60.828    71.554    74.887    22.804    6.325    68.352    53.852    90.554    96.042    
10    91.236    95.079    114.018    97.755    85.159    16.492    80.324    76.655    28.178    0         30.529    122.025    5.831    100.17    21.954    77.885    98.234    26.42    36.715    40.497    123.004    95.341    7.616    8.602    80.957    83.774    91.005    97.17    27.313    82.28    115.421    120.208    107.042    103.47    115.421    102.694    102.577    81.744    7.071    87.098    22.136    82.861    84.202    34.059    21.954    82.861    31.305    88.057    99.73    102.927    7.616    21.954    96.385    81.597    115.421    121.037    
11    60.926    65.146    86.093    67.231    58.034    15.62    50.99    48.166    3.162    30.529    0         93.477    24.698    69.642    8.602    49.254    68.308    4.243    6.325    10.0    95.383    67.186    24.698    22.847    51.788    53.759    63.071    67.067    5.099    53.46    87.464    92.661    76.538    73.007    87.464    72.732    72.069    53.235    26.571    59.076    10.296    53.759    55.444    6.0    8.602    53.759    2.828    59.414    69.354    72.402    24.698    8.602    66.408    52.173    87.464    92.962    
12    53.085    57.706    9.487    43.29    79.158    109.041    67.067    73.171    96.519    122.025    93.477    0         116.516    40.447    101.607    72.111    57.271    97.652    88.51    84.06    8.485    73.348    114.769    113.455    68.029    60.033    74.673    54.918    98.184    70.0    8.246    8.944    42.379    34.525    8.246    56.321    43.174    72.0    116.103    74.243    103.73    68.0    70.029    88.6    101.607    68.0    94.032    70.257    49.031    38.833    114.769    101.607    56.886    66.03    8.246    4.472    
13    85.428    89.32    108.6    91.924    79.762    11.045    74.632    71.063    22.361    5.831    24.698    116.516    0         94.34    16.125    72.277    92.477    20.591    30.887    34.67    117.644    89.822    4.472    4.0    75.286    78.0    85.51    91.389    21.541    76.655    110.0    114.856    101.213    97.652    110.0    96.933    96.747    76.158    5.657    81.584    16.492    77.201    78.588    28.32    16.125    77.201    25.495    82.462    93.915    97.098    4.472    16.125    90.62    75.895    110.0    115.603    
14    13.342    17.263    39.925    3.162    39.013    84.629    28.46    34.785    72.111    100.17    69.642    40.447    94.34    0         78.23    33.526    17.088    73.783    63.514    59.682    47.539    32.985    94.021    92.282    29.12    21.541    34.234    14.56    73.239    30.594    40.497    46.174    8.0    6.0    40.497    17.205    4.472    32.558    95.771    34.0    78.816    28.636    30.265    66.648    78.23    28.636    69.065    30.0    8.944    2.828    94.021    78.23    16.492    27.203    40.497    43.174    
15    69.354    73.389    94.032    75.802    65.069    7.616    58.941    55.731    6.325    21.954    8.602    101.607    16.125    78.23    0         56.886    76.551    4.472    14.765    18.601    103.247    74.673    16.492    14.56    59.666    62.032    70.456    75.392    6.0    61.188    95.415    100.499    85.088    81.609    95.415    80.994    80.623    60.828    18.439    66.483    4.472    61.612    63.151    13.038    0.0    61.612    9.487    67.082    77.82    80.994    16.492    0.0    74.673    60.166    95.415    100.955    
16    20.248    19.849    69.181    30.364    11.402    61.4    5.099    1.414    50.636    77.885    49.254    72.111    72.277    33.526    56.886    0         22.627    52.612    43.105    41.012    78.026    18.0    73.348    71.386    4.472    12.166    14.142    22.804    50.99    4.472    70.114    76.105    36.715    39.294    70.114    26.907    33.106    4.0    75.313    10.198    55.785    5.657    6.325    49.01    56.886    5.657    47.518    10.198    27.785    36.056    73.348    56.886    21.26    6.325    70.114    74.0    
17    9.487    3.162    57.009    14.765    24.042    81.939    18.601    24.042    70.228    98.234    68.308    57.271    92.477    17.088    76.551    22.627    0         72.111    61.984    58.941    64.56    16.125    92.973    91.082    18.439    14.56    18.111    2.828    70.937    18.439    57.585    63.246    16.125    22.804    57.585    4.472    14.142    20.0    94.868    18.974    76.158    16.971    17.205    66.708    76.551    16.971    67.067    15.232    8.246    18.439    92.973    76.551    2.0    17.205    57.585    60.166    
18    64.885    68.949    90.211    71.344    61.008    11.402    54.571    51.478    2.0    26.42    4.243    97.652    20.591    73.783    4.472    52.612    72.111    0         10.296    14.213    99.479    70.456    20.881    18.974    55.317    57.585    66.272    70.937    2.828    56.886    91.586    96.747    80.623    77.201    91.586    76.551    76.158    56.569    22.804    62.29    6.325    57.271    58.856    9.487    4.472    57.271    5.099    62.801    73.348    76.551    20.881    4.472    70.228    55.785    91.586    97.098    
19    54.626    58.822    81.413    61.057    52.154    21.26    44.721    42.048    8.602    36.715    6.325    88.51    30.887    63.514    14.765    43.105    61.984    10.296    0         4.472    90.785    61.074    31.016    29.155    45.541    47.434    57.009    60.745    9.899    47.265    82.765    88.102    70.328    67.007    82.765    66.408    65.863    47.096    32.894    53.009    15.556    47.518    49.254    7.211    14.765    47.518    5.657    53.235    63.071    66.287    31.016    14.765    60.083    45.891    82.765    88.193    
20    51.264    55.785    76.942    57.306    50.636    25.456    42.19    40.05    12.728    40.497    10.0    84.06    34.67    59.682    18.601    41.012    58.941    14.213    4.472    0         86.313    59.008    34.438    32.65    43.105    44.385    55.082    57.567    14.213    45.011    78.294    83.63    66.648    63.008    78.294    63.325    62.177    45.011    36.249    51.088    19.849    45.1    47.011    8.0    18.601    45.1    10.0    51.01    59.615    62.434    34.438    18.601    57.009    43.29    78.294    83.726    
21    59.682    64.761    9.487    50.22    85.709    110.788    73.062    79.006    98.489    123.004    95.383    8.485    117.644    47.539    103.247    78.026    64.56    99.479    90.785    86.313    0         80.523    115.603    114.403    74.108    66.121    81.584    62.097    100.24    76.236    8.246    2.828    50.16    41.761    8.246    63.906    50.596    78.23    116.825    80.895    105.679    74.243    76.42    90.211    103.247    74.243    96.177    76.942    56.321    46.174    115.603    103.247    64.031    72.111    8.246    4.472    
22    21.954    15.811    72.732    30.364    11.402    78.854    17.72    19.026    68.469    95.341    67.186    73.348    89.822    32.985    74.673    18.0    16.125    70.456    61.074    59.008    80.523    0         91.082    89.107    16.492    20.0    4.472    18.439    68.731    14.142    73.376    79.12    32.0    38.833    73.376    18.111    30.265    14.0    93.059    8.246    73.348    14.56    12.166    67.007    74.673    14.56    65.376    8.246    24.331    34.525    91.082    74.673    16.492    17.088    73.376    76.158    
23    85.615    89.811    106.668    91.706    81.302    13.342    75.432    72.18    22.804    7.616    24.698    114.769    4.472    94.021    16.492    73.348    92.973    20.881    31.016    34.438    115.603    91.082    0         2.0    76.158    78.435    86.833    91.761    22.361    77.666    108.074    112.801    101.074    97.098    108.074    97.406    96.602    77.279    2.0    82.873    18.0    78.102    79.624    27.459    16.492    78.102    25.962    83.546    94.021    96.747    0.0    16.492    91.082    76.655    108.074    113.701    
24    83.774    87.92    105.423    89.944    79.31    11.402    73.498    70.214    20.881    8.602    22.847    113.455    4.0    92.282    14.56    71.386    91.082    18.974    29.155    32.65    114.403    89.107    2.0    0         74.216    76.551    84.853    89.889    20.396    75.71    106.827    111.606    99.298    95.415    106.827    95.52    94.826    75.313    4.0    80.895    16.0    76.158    77.666    25.807    14.56    76.158    24.042    81.584    92.195    95.016    2.0    14.56    89.196    74.726    106.827    112.446    
25    15.811    15.556    65.376    25.962    13.038    64.514    1.414    5.831    53.367    80.957    51.788    68.029    75.286    29.12    59.666    4.472    18.439    55.317    45.541    43.105    74.108    16.492    76.158    74.216    0         8.0    13.416    18.439    53.852    2.828    66.272    72.25    32.249    34.928    66.272    22.804    28.636    4.472    78.102    10.0    58.822    2.0    4.472    51.088    59.666    2.0    50.22    8.246    23.324    31.623    76.158    59.666    16.971    2.0    66.272    70.029    
26    8.602    11.402    57.428    18.385    20.248    67.543    7.071    13.342    55.714    83.774    53.759    60.033    78.0    21.541    62.032    12.166    14.56    57.585    47.434    44.385    66.121    20.0    78.435    76.551    8.0    0         18.439    13.416    56.462    10.198    58.31    64.281    25.612    27.203    58.31    18.974    21.633    12.166    80.324    16.125    61.741    8.246    10.77    52.173    62.032    8.246    52.555    12.806    16.971    24.166    78.435    62.032    12.649    6.0    58.31    62.032    
27    22.136    17.029    73.498    31.401    7.071    74.525    14.765    15.033    64.281    91.005    63.071    74.673    85.51    34.234    70.456    14.142    18.111    66.272    57.009    55.082    81.584    4.472    86.833    84.853    13.416    18.439    0         20.0    64.498    10.77    74.216    80.05    34.234    40.2    74.216    20.881    32.0    10.198    88.814    4.0    69.051    11.662    8.944    63.071    70.456    11.662    61.205    5.657    26.0    36.056    86.833    70.456    18.0    14.422    74.216    77.279    
28    7.071    3.162    54.424    12.083    25.495    80.957    18.385    24.207    69.08    97.17    67.067    54.918    91.389    14.56    75.392    22.804    2.828    70.937    60.745    57.567    62.097    18.439    91.761    89.889    18.439    13.416    20.0    0         69.857    18.868    55.027    60.729    14.56    20.396    55.027    6.0    12.0    20.591    93.638    20.396    75.153    17.205    17.889    65.253    75.392    17.205    65.924    16.492    6.0    16.125    91.761    75.392    2.0    16.971    55.027    57.723    
29    63.953    67.779    90.918    70.725    59.076    11.402    53.16    49.82    2.0    27.313    5.099    98.184    21.541    73.239    6.0    50.99    70.937    2.828    9.899    14.213    100.24    68.731    22.361    20.396    53.852    56.462    64.498    69.857    0         55.317    92.282    97.529    79.925    76.837    92.282    75.392    75.472    54.918    24.331    60.531    5.657    55.785    57.271    11.045    6.0    55.785    4.243    61.188    72.471    76.026    22.361    6.0    69.08    54.406    92.282    97.755    
30    17.263    15.811    67.602    27.459    10.296    65.803    4.243    5.831    54.918    82.28    53.46    70.0    76.655    30.594    61.188    4.472    18.439    56.886    47.265    45.011    76.236    14.142    77.666    75.71    2.828    10.198    10.77    18.868    55.317    0         68.469    74.431    33.106    36.497    68.469    22.627    29.732    2.0    79.624    7.211    60.166    2.0    2.0    53.009    61.188    2.0    51.788    6.0    24.166    32.985    77.666    61.188    17.205    4.472    68.469    72.111    
31    52.173    57.567    1.414    43.012    78.09    102.927    65.192    71.063    90.554    115.421    87.464    8.246    110.0    40.497    95.415    70.114    57.585    91.586    82.765    78.294    8.246    73.376    108.074    106.827    66.272    58.31    74.216    55.027    92.282    68.469    0         6.0    43.909    34.928    0.0    57.271    43.863    70.456    109.343    73.348    97.755    66.483    68.731    82.377    95.415    66.483    88.193    69.426    49.396    39.395    108.074    95.415    56.921    64.281    0.0    5.657    
32    58.052    63.325    7.071    48.765    84.012    108.046    71.176    77.058    95.771    120.208    92.661    8.944    114.856    46.174    100.499    76.105    63.246    96.747    88.102    83.63    2.828    79.12    112.801    111.606    72.25    64.281    80.05    60.729    97.529    74.431    6.0    0         49.193    40.497    6.0    62.769    49.396    76.42    114.018    79.246    102.956    72.443    74.673    87.464    100.499    72.443    93.477    75.313    55.027    44.944    112.801    100.499    62.642    70.257    6.0    4.472    
33    17.029    17.72    43.566    9.487    40.025    91.269    31.906    38.079    78.892    107.042    76.538    42.379    101.213    8.0    85.088    36.715    16.125    80.623    70.328    66.648    50.16    32.0    101.074    99.298    32.249    25.612    34.234    14.56    79.925    33.106    43.909    49.193    0         10.0    43.909    14.142    4.472    34.928    102.859    34.928    85.44    31.305    32.311    73.824    85.088    31.305    75.802    31.048    8.944    6.325    101.074    85.088    16.492    30.529    43.909    45.695    
34    19.235    23.195    34.438    9.055    45.011    88.238    34.205    40.522    75.604    103.47    73.007    34.525    97.652    6.0    81.609    39.294    22.804    77.201    67.007    63.008    41.761    38.833    97.098    95.415    34.928    27.203    40.2    20.396    76.837    36.497    34.928    40.497    10.0    0         34.928    22.361    8.944    38.471    98.793    40.0    82.462    34.525    36.222    69.642    81.609    34.525    72.622    36.0    14.56    4.472    97.098    81.609    22.361    32.985    34.928    37.363    
35    52.173    57.567    1.414    43.012    78.09    102.927    65.192    71.063    90.554    115.421    87.464    8.246    110.0    40.497    95.415    70.114    57.585    91.586    82.765    78.294    8.246    73.376    108.074    106.827    66.272    58.31    74.216    55.027    92.282    68.469    0.0    6.0    43.909    34.928    0         57.271    43.863    70.456    109.343    73.348    97.755    66.483    68.731    82.377    95.415    66.483    88.193    69.426    49.396    39.395    108.074    95.415    56.921    64.281    0.0    5.657    
36    13.038    7.616    56.798    15.556    27.313    86.406    23.022    28.32    74.673    102.694    72.732    56.321    96.933    17.205    80.994    26.907    4.472    76.551    66.408    63.325    63.906    18.111    97.406    95.52    22.804    18.974    20.881    6.0    75.392    22.627    57.271    62.769    14.142    22.361    57.271    0         13.416    24.083    99.298    22.361    80.623    21.26    21.26    71.063    80.994    21.26    71.512    18.868    8.485    17.889    97.406    80.994    6.325    21.633    57.271    59.464    
37    13.038    15.033    43.382    5.099    37.336    86.822    28.178    34.438    74.431    102.577    72.069    43.174    96.747    4.472    80.623    33.106    14.142    76.158    65.863    62.177    50.596    30.265    96.602    94.826    28.636    21.633    32.0    12.0    75.472    29.732    43.863    49.396    4.472    8.944    43.863    13.416    0         31.623    98.387    32.249    80.994    27.857    29.12    69.354    80.623    27.857    71.344    28.284    6.0    4.472    96.602    80.623    14.0    26.833    43.863    46.174    
38    19.235    17.493    69.584    29.428    8.602    65.253    5.831    5.099    54.589    81.744    53.235    72.0    76.158    32.558    60.828    4.0    20.0    56.569    47.096    45.011    78.23    14.0    77.279    75.313    4.472    12.166    10.198    20.591    54.918    2.0    70.456    76.42    34.928    38.471    70.456    24.083    31.623    0         79.246    6.325    59.666    4.0    2.828    53.009    60.828    4.0    51.478    6.325    26.0    34.928    77.279    60.828    18.868    6.325    70.456    74.108    
39    87.464    91.706    107.935    93.477    83.295    15.297    77.369    74.148    24.739    7.071    26.571    116.103    5.657    95.771    18.439    75.313    94.868    22.804    32.894    36.249    116.825    93.059    2.0    4.0    78.102    80.324    88.814    93.638    24.331    79.624    109.343    114.018    102.859    98.793    109.343    99.298    98.387    79.246    0         84.853    20.0    80.05    81.584    29.155    18.439    80.05    27.893    85.51    95.854    98.489    2.0    18.439    92.973    78.588    109.343    114.978    
40    21.213    17.263    72.567    31.016    5.099    70.612    11.402    11.045    60.299    87.098    59.076    74.243    81.584    34.0    66.483    10.198    18.974    62.29    53.009    51.088    80.895    8.246    82.873    80.895    10.0    16.125    4.0    20.396    60.531    7.211    73.348    79.246    34.928    40.0    73.348    22.361    32.249    6.325    84.853    0         65.115    8.485    5.657    59.076    66.483    8.485    57.219    4.0    26.306    36.056    82.873    66.483    18.439    11.314    73.348    76.655    
41    69.354    73.007    96.385    76.276    63.388    5.831    58.189    54.571    7.211    22.136    10.296    103.73    16.492    78.816    4.472    55.785    76.158    6.325    15.556    19.849    105.679    73.348    18.0    16.0    58.822    61.741    69.051    75.153    5.657    60.166    97.755    102.956    85.44    82.462    97.755    80.623    80.994    59.666    20.0    65.115    0         60.729    62.097    15.811    4.472    60.729    9.899    65.97    77.897    81.609    18.0    4.472    74.324    59.464    97.755    103.247    
42    15.297    14.213    65.62    25.495    12.083    66.408    3.162    7.071    55.317    82.861    53.759    68.0    77.201    28.636    61.612    5.657    16.971    57.271    47.518    45.1    74.243    14.56    78.102    76.158    2.0    8.246    11.662    17.205    55.785    2.0    66.483    72.443    31.305    34.525    66.483    21.26    27.857    4.0    80.05    8.485    60.729    0         2.828    53.085    61.612    0.0    52.173    6.325    22.361    31.048    78.102    61.612    15.62    2.828    66.483    70.114    
43    17.029    14.765    67.897    27.166    9.487    67.72    5.831    7.616    56.886    84.202    55.444    70.029    78.588    30.265    63.151    6.325    17.205    58.856    49.254    47.011    76.42    12.166    79.624    77.666    4.472    10.77    8.944    17.889    57.271    2.0    68.731    74.673    32.311    36.222    68.731    21.26    29.12    2.828    81.584    5.657    62.097    2.828    0         55.009    63.151    2.828    53.759    4.0    23.409    32.558    79.624    63.151    16.125    5.657    68.731    72.25    
44    58.822    63.561    80.994    64.405    58.549    20.591    50.16    48.042    9.055    34.059    6.0    88.6    28.32    66.648    13.038    49.01    66.708    9.487    7.211    8.0    90.211    67.007    27.459    25.807    51.088    52.173    63.071    65.253    11.045    53.009    82.377    87.464    73.824    69.642    82.377    71.063    69.354    53.009    29.155    59.076    15.811    53.085    55.009    0         13.038    53.085    8.246    59.008    67.067    69.354    27.459    13.038    64.761    51.245    82.377    87.92    
45    69.354    73.389    94.032    75.802    65.069    7.616    58.941    55.731    6.325    21.954    8.602    101.607    16.125    78.23    0.0    56.886    76.551    4.472    14.765    18.601    103.247    74.673    16.492    14.56    59.666    62.032    70.456    75.392    6.0    61.188    95.415    100.499    85.088    81.609    95.415    80.994    80.623    60.828    18.439    66.483    4.472    61.612    63.151    13.038    0         61.612    9.487    67.082    77.82    80.994    16.492    0.0    74.673    60.166    95.415    100.955    
46    15.297    14.213    65.62    25.495    12.083    66.408    3.162    7.071    55.317    82.861    53.759    68.0    77.201    28.636    61.612    5.657    16.971    57.271    47.518    45.1    74.243    14.56    78.102    76.158    2.0    8.246    11.662    17.205    55.785    2.0    66.483    72.443    31.305    34.525    66.483    21.26    27.857    4.0    80.05    8.485    60.729    0.0    2.828    53.085    61.612    0         52.173    6.325    22.361    31.048    78.102    61.612    15.62    2.828    66.483    70.114    
47    59.933    63.906    86.833    66.573    56.0    15.62    49.477    46.39    3.162    31.305    2.828    94.032    25.495    69.065    9.487    47.518    67.067    5.099    5.657    10.0    96.177    65.376    25.962    24.042    50.22    52.555    61.205    65.924    4.243    51.788    88.193    93.477    75.802    72.622    88.193    71.512    71.344    51.478    27.893    57.219    9.899    52.173    53.759    8.246    9.487    52.173    0         57.706    68.425    71.847    25.962    9.487    65.192    50.695    88.193    93.648    
48    17.263    13.342    68.659    27.019    9.055    71.568    9.487    11.402    60.828    88.057    59.414    70.257    82.462    30.0    67.082    10.198    15.232    62.801    53.235    51.01    76.942    8.246    83.546    81.584    8.246    12.806    5.657    16.492    61.188    6.0    69.426    75.313    31.048    36.0    69.426    18.868    28.284    6.325    85.51    4.0    65.97    6.325    4.0    59.008    67.082    6.325    57.706    0         22.361    32.062    83.546    67.082    14.56    8.944    69.426    72.691    
49    8.602    9.055    48.847    7.071    31.401    83.726    23.022    29.155    71.554    99.73    69.354    49.031    93.915    8.944    77.82    27.785    8.246    73.348    63.071    59.615    56.321    24.331    94.021    92.195    23.324    16.971    26.0    6.0    72.471    24.166    49.396    55.027    8.944    14.56    49.396    8.485    6.0    26.0    95.854    26.306    77.897    22.361    23.409    67.067    77.82    22.361    68.425    22.361    0         10.198    94.021    77.82    8.0    21.633    49.396    51.923    
50    15.811    19.026    38.91    5.831    41.11    87.419    31.016    37.336    74.887    102.927    72.402    38.833    97.098    2.828    80.994    36.056    18.439    76.551    66.287    62.434    46.174    34.525    96.747    95.016    31.623    24.166    36.056    16.125    76.026    32.985    39.395    44.944    6.325    4.472    39.395    17.889    4.472    34.928    98.489    36.056    81.609    31.048    32.558    69.354    80.994    31.048    71.847    32.062    10.198    0         96.747    80.994    18.111    29.732    39.395    41.761    
51    85.615    89.811    106.668    91.706    81.302    13.342    75.432    72.18    22.804    7.616    24.698    114.769    4.472    94.021    16.492    73.348    92.973    20.881    31.016    34.438    115.603    91.082    0.0    2.0    76.158    78.435    86.833    91.761    22.361    77.666    108.074    112.801    101.074    97.098    108.074    97.406    96.602    77.279    2.0    82.873    18.0    78.102    79.624    27.459    16.492    78.102    25.962    83.546    94.021    96.747    0         16.492    91.082    76.655    108.074    113.701    
52    69.354    73.389    94.032    75.802    65.069    7.616    58.941    55.731    6.325    21.954    8.602    101.607    16.125    78.23    0.0    56.886    76.551    4.472    14.765    18.601    103.247    74.673    16.492    14.56    59.666    62.032    70.456    75.392    6.0    61.188    95.415    100.499    85.088    81.609    95.415    80.994    80.623    60.828    18.439    66.483    4.472    61.612    63.151    13.038    0.0    61.612    9.487    67.082    77.82    80.994    16.492    0         74.673    60.166    95.415    100.955    
53    7.616    1.414    56.303    13.928    23.537    80.112    17.029    22.672    68.352    96.385    66.408    56.886    90.62    16.492    74.673    21.26    2.0    70.228    60.083    57.009    64.031    16.492    91.082    89.196    16.971    12.649    18.0    2.0    69.08    17.205    56.921    62.642    16.492    22.361    56.921    6.325    14.0    18.868    92.973    18.439    74.324    15.62    16.125    64.761    74.673    15.62    65.192    14.56    8.0    18.111    91.082    74.673    0         15.62    56.921    59.666    
54    13.928    14.213    63.388    24.042    14.765    65.192    1.414    7.616    53.852    81.597    52.173    66.03    75.895    27.203    60.166    6.325    17.205    55.785    45.891    43.29    72.111    17.088    76.655    74.726    2.0    6.0    14.422    16.971    54.406    4.472    64.281    70.257    30.529    32.985    64.281    21.633    26.833    6.325    78.588    11.314    59.464    2.828    5.657    51.245    60.166    2.828    50.695    8.944    21.633    29.732    76.655    60.166    15.62    0         64.281    68.029    
55    52.173    57.567    1.414    43.012    78.09    102.927    65.192    71.063    90.554    115.421    87.464    8.246    110.0    40.497    95.415    70.114    57.585    91.586    82.765    78.294    8.246    73.376    108.074    106.827    66.272    58.31    74.216    55.027    92.282    68.469    0.0    6.0    43.909    34.928    0.0    57.271    43.863    70.456    109.343    73.348    97.755    66.483    68.731    82.377    95.415    66.483    88.193    69.426    49.396    39.395    108.074    95.415    56.921    64.281    0         5.657    
56    55.444    60.415    7.071    45.891    81.498    108.453    69.007    75.007    96.042    121.037    92.962    4.472    115.603    43.174    100.955    74.0    60.166    97.098    88.193    83.726    4.472    76.158    113.701    112.446    70.029    62.032    77.279    57.723    97.755    72.111    5.657    4.472    45.695    37.363    5.657    59.464    46.174    74.108    114.978    76.655    103.247    70.114    72.25    87.92    100.955    70.114    93.648    72.691    51.923    41.761    113.701    100.955    59.666    68.029    5.657    0         


Demandas:
1: 0.0
2: 10.0
3: 15.0
4: 7.0
5: 25.0
6: 16.0
7: 8.0
8: 15.0
9: 23.0
10: 8.0
11: 2.0
12: 14.0
13: 7.0
14: 15.0
15: 14.0
16: 7.0
17: 14.0
18: 11.0
19: 7.0
20: 6.0
21: 1.0
22: 22.0
23: 26.0
24: 5.0
25: 18.0
26: 18.0
27: 4.0
28: 10.0
29: 3.0
30: 2.0
31: 12.0
32: 6.0
33: 15.0
34: 12.0
35: 5.0
36: 7.0
37: 12.0
38: 24.0
39: 6.0
40: 12.0
41: 5.0
42: 18.0
43: 3.0
44: 7.0
45: 15.0
46: 23.0
47: 20.0
48: 5.0
49: 24.0
50: 6.0
51: 19.0
52: 5.0
53: 10.0
54: 3.0
55: 4.0
56: 5.0
+-+-+-+-+-+-+-+-+-+-+-+-+-+-+-+ SOLUCION INICIAL +-+-+-+-+-+-+-+-+-+-+-+-+-+-+-+-

Ruta #1: [1, 28, 53, 2, 17, 36, 49, 37, 50]
Costo asociado: 52.887      Capacidad: 93.0

Ruta #2: [1, 26, 54, 7, 25, 42, 46, 30]
Costo asociado: 38.693000000000005      Capacidad: 90.0

Ruta #3: [1, 4, 14, 34, 33, 48, 40, 27, 22]
Costo asociado: 94.834      Capacidad: 92.0

Ruta #4: [1, 43, 38, 16, 8, 5, 20, 19, 11]
Costo asociado: 159.292      Capacidad: 89.0

Ruta #5: [1, 3, 31, 35, 55, 56, 12, 21, 32, 44, 47]
Costo asociado: 229.919      Capacidad: 89.0

Ruta #6: [1, 9, 18, 29, 41, 15, 45, 52, 6]
Costo asociado: 160.824      Capacidad: 92.0

Ruta #7: [1, 24, 23, 51, 39, 13, 10]
Costo asociado: 190.498      Capacidad: 71.0

--> Costo total: 926.9470000000001          Capacidad total: 616.0

+-+-+-+-+-+-+-+-+-+-+-+-+-+-+-+-+-+-+-+-+-+- Iteracion 12  +-+-+-+-+-+-+-+-+-+-+-+-+-+-+-+-+-+-+-+-+-+-


Ruta #1: [1, 28, 53, 2, 17, 36, 49, 37, 50]
Costo asociado: 52.887      Capacidad: 93.0

Ruta #2: [1, 26, 54, 7, 25, 42, 46, 30]
Costo asociado: 38.693000000000005      Capacidad: 90.0

Ruta #3: [1, 4, 14, 34, 33, 48, 40, 27, 22]
Costo asociado: 94.834      Capacidad: 92.0

Ruta #4: [1, 43, 38, 16, 8, 5, 20, 19, 11]
Costo asociado: 159.292      Capacidad: 89.0

Ruta #5: [1, 3, 31, 35, 55, 56, 12, 21, 32, 44, 47]
Costo asociado: 229.919      Capacidad: 89.0

Ruta #6: [1, 9, 18, 29, 41, 15, 45, 52, 6]
Costo asociado: 160.824      Capacidad: 92.0

Ruta #7: [1, 24, 23, 51, 39, 13, 10]
Costo asociado: 190.498      Capacidad: 71.0

--> Costo total: 926.1750000000002          Capacidad total: 616.0

+-+-+-+-+-+-+-+-+-+-+-+-+-+-+-+-+-+-+-+-+-+- Iteracion 12  +-+-+-+-+-+-+-+-+-+-+-+-+-+-+-+-+-+-+-+-+-+-

La solución anterior duró 0min 0seg    -------> Nuevo optimo local. Costo: 926.1750000000002       ==> Optimo: 707.0  Desvio: 31.1%
Lista tabu: [((31,35,0.0),1), ((56,12,4.472),1), ((1,28,7.071),2), ((37,50,4.472),2), ((1,37,13.038),1), ((9,18,2.0),3), ((6,1,75.18),3), ((6,9,12.728),2), ((35,55,0.0),4), ((32,44,87.464),4), ((32,35,6.0),3), ((4,14,3.162),5), ((33,48,31.048),5), ((4,33,9.487),4), ((26,54,6.0),6), ((46,30,2.0),6), ((26,46,8.246),5), ((53,2,1.414),7), ((17,36,4.472),7), ((17,53,2.0),6), ((48,40,4.0),8), ((22,1,21.954),8), ((22,48,8.246),7)]

+-+-+-+-+-+-+-+-+-+-+-+-+-+-+-+-+-+-+-+-+-+- Iteracion 24  +-+-+-+-+-+-+-+-+-+-+-+-+-+-+-+-+-+-+-+-+-+-


Ruta #1: [1, 28, 53, 2, 17, 36, 49, 37, 50]
Costo asociado: 52.887      Capacidad: 93.0

Ruta #2: [1, 26, 54, 7, 25, 42, 46, 30]
Costo asociado: 38.693000000000005      Capacidad: 90.0

Ruta #3: [1, 4, 14, 34, 33, 48, 40, 27, 22]
Costo asociado: 94.834      Capacidad: 92.0

Ruta #4: [1, 43, 38, 16, 8, 5, 20, 11, 19]
Costo asociado: 158.52      Capacidad: 89.0

Ruta #5: [1, 3, 31, 35, 55, 56, 12, 21, 32, 44, 47]
Costo asociado: 229.919      Capacidad: 89.0

Ruta #6: [1, 9, 18, 29, 41, 15, 45, 52, 6]
Costo asociado: 160.824      Capacidad: 92.0

Ruta #7: [1, 24, 23, 51, 39, 13, 10]
Costo asociado: 190.498      Capacidad: 71.0

--> Costo total: 921.153          Capacidad total: 616.0

+-+-+-+-+-+-+-+-+-+-+-+-+-+-+-+-+-+-+-+-+-+- Iteracion 24  +-+-+-+-+-+-+-+-+-+-+-+-+-+-+-+-+-+-+-+-+-+-

La solución anterior duró 0min 1seg    -------> Nuevo optimo local. Costo: 921.153       ==> Optimo: 707.0  Desvio: 31.0%
Lista tabu: [((20,19,4.472),2), ((11,1,60.926),2), ((24,23,2.0),1), ((39,13,5.657),1), ((9,18,2.0),2), ((29,41,5.657),2), ((9,29,2.0),1), ((8,5,11.662),3), ((25,42,2.0),3), ((8,42,7.071),2), ((45,52,0.0),4), ((44,47,8.246),4), ((45,47,9.487),3), ((18,29,2.828),5), ((41,15,4.472),5), ((18,41,6.325),4), ((53,2,1.414),6), ((36,49,8.485),6), ((36,53,6.325),5), ((5,20,50.636),7), ((42,46,0.0),7), ((5,46,12.083),6), ((22,1,21.954),8), ((46,30,2.0),8), ((22,30,14.142),7)]

+-+-+-+-+-+-+-+-+-+-+-+-+-+-+-+-+-+-+-+-+-+- Iteracion 28  +-+-+-+-+-+-+-+-+-+-+-+-+-+-+-+-+-+-+-+-+-+-


Ruta #1: [1, 28, 53, 2, 17, 36, 49, 37, 50]
Costo asociado: 52.887      Capacidad: 93.0

Ruta #2: [1, 26, 54, 7, 25, 42, 46, 30]
Costo asociado: 38.693000000000005      Capacidad: 90.0

Ruta #3: [1, 4, 14, 34, 33, 48, 40, 27, 22]
Costo asociado: 94.834      Capacidad: 92.0

Ruta #4: [1, 43, 38, 5, 8, 16, 20, 11, 19]
Costo asociado: 153.498      Capacidad: 89.0

Ruta #5: [1, 3, 31, 35, 55, 56, 12, 21, 32, 44, 47]
Costo asociado: 229.919      Capacidad: 89.0

Ruta #6: [1, 9, 18, 29, 41, 15, 45, 52, 6]
Costo asociado: 160.824      Capacidad: 92.0

Ruta #7: [1, 24, 23, 51, 39, 13, 10]
Costo asociado: 190.498      Capacidad: 71.0

--> Costo total: 915.0070000000001          Capacidad total: 616.0

+-+-+-+-+-+-+-+-+-+-+-+-+-+-+-+-+-+-+-+-+-+- Iteracion 28  +-+-+-+-+-+-+-+-+-+-+-+-+-+-+-+-+-+-+-+-+-+-

La solución anterior duró 0min 0seg    -------> Nuevo optimo local. Costo: 915.0070000000001       ==> Optimo: 707.0  Desvio: 30.3%
Lista tabu: [((18,29,2.828),1), ((41,15,4.472),1), ((53,2,1.414),2), ((36,49,8.485),2), ((36,53,6.325),1), ((5,20,50.636),3), ((42,46,0.0),3), ((5,46,12.083),2), ((22,1,21.954),4), ((46,30,2.0),4), ((22,30,14.142),3), ((38,16,4.0),10), ((5,20,50.636),10), ((5,38,8.602),8), ((24,23,2.0),6), ((10,1,91.236),6), ((10,24,8.602),5), ((26,54,6.0),7), ((46,30,2.0),7), ((26,46,8.246),6), ((25,42,2.0),8), ((46,30,2.0),8), ((25,46,2.0),7)]

+-+-+-+-+-+-+-+-+-+-+-+-+-+-+-+-+-+-+-+-+-+- Iteracion 38  +-+-+-+-+-+-+-+-+-+-+-+-+-+-+-+-+-+-+-+-+-+-


Ruta #1: [1, 28, 53, 2, 17, 48, 40, 27, 22]
Costo asociado: 63.305      Capacidad: 87.0

Ruta #2: [1, 26, 54, 7, 25, 42, 46, 30]
Costo asociado: 38.693000000000005      Capacidad: 90.0

Ruta #3: [1, 4, 14, 34, 33, 36, 49, 37, 50]
Costo asociado: 78.27      Capacidad: 98.0

Ruta #4: [1, 43, 38, 5, 8, 16, 20, 11, 19]
Costo asociado: 153.498      Capacidad: 89.0

Ruta #5: [1, 3, 31, 35, 55, 56, 12, 21, 32, 44, 47]
Costo asociado: 229.919      Capacidad: 89.0

Ruta #6: [1, 9, 18, 29, 41, 15, 45, 52, 6]
Costo asociado: 160.824      Capacidad: 92.0

Ruta #7: [1, 24, 23, 51, 39, 13, 10]
Costo asociado: 190.498      Capacidad: 71.0

--> Costo total: 910.54          Capacidad total: 616.0

+-+-+-+-+-+-+-+-+-+-+-+-+-+-+-+-+-+-+-+-+-+- Iteracion 38  +-+-+-+-+-+-+-+-+-+-+-+-+-+-+-+-+-+-+-+-+-+-

La solución anterior duró 0min 0seg    -------> Nuevo optimo local. Costo: 910.54       ==> Optimo: 707.0  Desvio: 29.4%
Lista tabu: [((33,48,31.048),4), ((17,36,4.472),4), ((33,36,14.142),2), ((25,42,2.0),1), ((48,40,4.0),1), ((34,33,10.0),2), ((49,37,6.0),2), ((34,49,14.56),1), ((18,29,2.828),3), ((15,45,0.0),3), ((15,18,4.472),2), ((43,38,2.828),4), ((16,20,41.012),4), ((16,43,6.325),3), ((44,47,8.246),5), ((45,52,0.0),5), ((44,52,13.038),4), ((15,45,0.0),6), ((6,1,75.18),6), ((6,15,7.616),5), ((24,23,2.0),7), ((39,13,5.657),7), ((24,39,4.0),6), ((28,53,2.0),8), ((2,17,3.162),8), ((2,28,3.162),7)]

+-+-+-+-+-+-+-+-+-+-+-+-+-+-+-+-+-+-+-+-+-+- Iteracion 44  +-+-+-+-+-+-+-+-+-+-+-+-+-+-+-+-+-+-+-+-+-+-


Ruta #1: [1, 28, 53, 2, 17, 48, 40, 27, 22]
Costo asociado: 63.305      Capacidad: 87.0

Ruta #2: [1, 26, 54, 7, 25, 42, 46, 30]
Costo asociado: 38.693000000000005      Capacidad: 90.0

Ruta #3: [1, 4, 14, 34, 33, 36, 49, 37, 50]
Costo asociado: 78.27      Capacidad: 98.0

Ruta #4: [1, 43, 38, 5, 8, 16, 20, 11, 19]
Costo asociado: 153.498      Capacidad: 89.0

Ruta #5: [1, 3, 31, 35, 55, 56, 12, 21, 32, 44, 47]
Costo asociado: 229.919      Capacidad: 89.0

Ruta #6: [1, 9, 18, 29, 41, 6, 52, 45, 15]
Costo asociado: 156.357      Capacidad: 92.0

Ruta #7: [1, 24, 23, 51, 39, 13, 10]
Costo asociado: 190.498      Capacidad: 71.0

--> Costo total: 906.23          Capacidad total: 616.0

+-+-+-+-+-+-+-+-+-+-+-+-+-+-+-+-+-+-+-+-+-+- Iteracion 44  +-+-+-+-+-+-+-+-+-+-+-+-+-+-+-+-+-+-+-+-+-+-

La solución anterior duró 0min 0seg    -------> Nuevo optimo local. Costo: 906.23       ==> Optimo: 707.0  Desvio: 28.8%
Lista tabu: [((24,23,2.0),1), ((39,13,5.657),1), ((28,53,2.0),2), ((2,17,3.162),2), ((2,28,3.162),1), ((41,15,4.472),8), ((6,1,75.18),8), ((6,41,5.831),6), ((7,25,1.414),4), ((30,1,17.263),4), ((7,30,4.243),3), ((41,6,5.831),5), ((45,15,0.0),5), ((41,45,4.472),4), ((38,5,8.602),6), ((26,54,6.0),6), ((38,54,6.325),5), ((26,54,6.0),7), ((46,30,2.0),7), ((26,46,8.246),6), ((43,38,2.828),8), ((8,16,1.414),8), ((8,43,7.616),7)]

+-+-+-+-+-+-+-+-+-+-+-+-+-+-+-+-+-+-+-+-+-+- Iteracion 49  +-+-+-+-+-+-+-+-+-+-+-+-+-+-+-+-+-+-+-+-+-+-


Ruta #1: [1, 28, 53, 2, 17, 48, 40, 27, 22]
Costo asociado: 63.305      Capacidad: 87.0

Ruta #2: [1, 26, 54, 7, 25, 42, 46, 30]
Costo asociado: 38.693000000000005      Capacidad: 90.0

Ruta #3: [1, 4, 14, 34, 50, 37, 49, 36, 33]
Costo asociado: 73.96      Capacidad: 98.0

Ruta #4: [1, 43, 38, 5, 8, 16, 20, 11, 19]
Costo asociado: 153.498      Capacidad: 89.0

Ruta #5: [1, 3, 31, 35, 55, 56, 12, 21, 32, 44, 47]
Costo asociado: 229.919      Capacidad: 89.0

Ruta #6: [1, 9, 18, 29, 41, 6, 52, 45, 15]
Costo asociado: 156.357      Capacidad: 92.0

Ruta #7: [1, 24, 23, 51, 39, 13, 10]
Costo asociado: 190.498      Capacidad: 71.0

--> Costo total: 906.0360000000001          Capacidad total: 616.0

+-+-+-+-+-+-+-+-+-+-+-+-+-+-+-+-+-+-+-+-+-+- Iteracion 49  +-+-+-+-+-+-+-+-+-+-+-+-+-+-+-+-+-+-+-+-+-+-

La solución anterior duró 0min 0seg    -------> Nuevo optimo local. Costo: 906.0360000000001       ==> Optimo: 707.0  Desvio: 28.2%
Lista tabu: [((41,15,4.472),3), ((6,1,75.18),3), ((6,41,5.831),1), ((38,5,8.602),1), ((26,54,6.0),1), ((26,54,6.0),2), ((46,30,2.0),2), ((26,46,8.246),1), ((43,38,2.828),3), ((8,16,1.414),3), ((8,43,7.616),2), ((34,33,10.0),9), ((50,1,15.811),9), ((34,50,4.472),7), ((28,53,2.0),5), ((2,17,3.162),5), ((2,28,3.162),4), ((6,52,7.616),6), ((23,51,0.0),6), ((6,51,13.342),5), ((29,41,5.657),7), ((45,15,0.0),7), ((29,45,6.0),6), ((4,14,3.162),8), ((50,37,4.472),8), ((4,50,5.831),7)]

+-+-+-+-+-+-+-+-+-+-+-+-+-+-+-+-+-+-+-+-+-+- Iteracion 51  +-+-+-+-+-+-+-+-+-+-+-+-+-+-+-+-+-+-+-+-+-+-


Ruta #1: [1, 2, 53, 28, 17, 48, 40, 27, 22]
Costo asociado: 63.111000000000004      Capacidad: 87.0

Ruta #2: [1, 26, 54, 7, 25, 42, 46, 30]
Costo asociado: 38.693000000000005      Capacidad: 90.0

Ruta #3: [1, 4, 14, 34, 50, 37, 49, 36, 33]
Costo asociado: 73.96      Capacidad: 98.0

Ruta #4: [1, 43, 38, 5, 8, 16, 20, 11, 19]
Costo asociado: 153.498      Capacidad: 89.0

Ruta #5: [1, 3, 31, 35, 55, 56, 12, 21, 32, 44, 47]
Costo asociado: 229.919      Capacidad: 89.0

Ruta #6: [1, 9, 18, 29, 41, 6, 52, 45, 15]
Costo asociado: 156.357      Capacidad: 92.0

Ruta #7: [1, 24, 23, 51, 39, 13, 10]
Costo asociado: 190.498      Capacidad: 71.0

--> Costo total: 903.79          Capacidad total: 616.0

+-+-+-+-+-+-+-+-+-+-+-+-+-+-+-+-+-+-+-+-+-+- Iteracion 51  +-+-+-+-+-+-+-+-+-+-+-+-+-+-+-+-+-+-+-+-+-+-

La solución anterior duró 0min 0seg    -------> Nuevo optimo local. Costo: 903.79       ==> Optimo: 707.0  Desvio: 28.2%
Lista tabu: [((41,15,4.472),1), ((6,1,75.18),1), ((43,38,2.828),1), ((8,16,1.414),1), ((34,33,10.0),7), ((50,1,15.811),7), ((34,50,4.472),5), ((28,53,2.0),3), ((2,17,3.162),3), ((2,28,3.162),2), ((6,52,7.616),4), ((23,51,0.0),4), ((6,51,13.342),3), ((29,41,5.657),5), ((45,15,0.0),5), ((29,45,6.0),4), ((4,14,3.162),6), ((50,37,4.472),6), ((4,50,5.831),5), ((1,28,7.071),12), ((2,17,3.162),12), ((1,2,7.211),10), ((4,14,3.162),8), ((37,49,6.0),8), ((4,37,5.099),7)]

+-+-+-+-+-+-+-+-+-+-+-+-+-+-+-+-+-+-+-+-+-+- Iteracion 65  +-+-+-+-+-+-+-+-+-+-+-+-+-+-+-+-+-+-+-+-+-+-


Ruta #1: [1, 2, 53, 28, 17, 48, 40, 27, 22]
Costo asociado: 63.111000000000004      Capacidad: 87.0

Ruta #2: [1, 26, 54, 7, 25, 42, 46, 30]
Costo asociado: 38.693000000000005      Capacidad: 90.0

Ruta #3: [1, 4, 14, 34, 50, 37, 49, 36, 33]
Costo asociado: 73.96      Capacidad: 98.0

Ruta #4: [1, 43, 38, 5, 8, 16, 20, 47]
Costo asociado: 152.48      Capacidad: 100.0

Ruta #5: [1, 3, 31, 35, 55, 56, 12, 21, 32, 44, 11, 19]
Costo asociado: 228.691      Capacidad: 78.0

Ruta #6: [1, 9, 18, 29, 41, 6, 52, 45, 15]
Costo asociado: 156.357      Capacidad: 92.0

Ruta #7: [1, 24, 23, 51, 39, 13, 10]
Costo asociado: 190.498      Capacidad: 71.0

--> Costo total: 901.9749999999999          Capacidad total: 616.0

+-+-+-+-+-+-+-+-+-+-+-+-+-+-+-+-+-+-+-+-+-+- Iteracion 65  +-+-+-+-+-+-+-+-+-+-+-+-+-+-+-+-+-+-+-+-+-+-

La solución anterior duró 0min 0seg    -------> Nuevo optimo local. Costo: 901.9749999999999       ==> Optimo: 707.0  Desvio: 27.8%
Lista tabu: [((43,38,2.828),1), ((8,16,1.414),1), ((3,31,1.414),2), ((32,44,87.464),2), ((3,32,7.071),1), ((8,16,1.414),3), ((42,46,0.0),3), ((8,46,7.071),2), ((29,41,5.657),4), ((52,45,0.0),4), ((29,52,6.0),3), ((55,56,5.657),5), ((21,32,2.828),5), ((21,55,8.246),4), ((7,25,1.414),6), ((46,30,2.0),6), ((7,46,3.162),5), ((26,54,6.0),7), ((2,53,1.414),7), ((26,53,12.649),6), ((23,51,0.0),8), ((10,1,91.236),8), ((10,23,7.616),7)]

+-+-+-+-+-+-+-+-+-+-+-+-+-+-+-+-+-+-+-+-+-+- Iteracion 67  +-+-+-+-+-+-+-+-+-+-+-+-+-+-+-+-+-+-+-+-+-+-


Ruta #1: [1, 2, 53, 28, 17, 48, 40, 27, 22]
Costo asociado: 63.111000000000004      Capacidad: 87.0

Ruta #2: [1, 26, 54, 7, 25, 42, 46, 30]
Costo asociado: 38.693000000000005      Capacidad: 90.0

Ruta #3: [1, 36, 49, 37, 50, 34, 14, 4, 33]
Costo asociado: 72.145      Capacidad: 98.0

Ruta #4: [1, 43, 38, 5, 8, 16, 20, 47]
Costo asociado: 152.48      Capacidad: 100.0

Ruta #5: [1, 3, 31, 35, 55, 56, 12, 21, 32, 44, 11, 19]
Costo asociado: 228.691      Capacidad: 78.0

Ruta #6: [1, 9, 18, 29, 41, 6, 52, 45, 15]
Costo asociado: 156.357      Capacidad: 92.0

Ruta #7: [1, 24, 23, 51, 39, 13, 10]
Costo asociado: 190.498      Capacidad: 71.0

--> Costo total: 901.8310000000001          Capacidad total: 616.0

+-+-+-+-+-+-+-+-+-+-+-+-+-+-+-+-+-+-+-+-+-+- Iteracion 67  +-+-+-+-+-+-+-+-+-+-+-+-+-+-+-+-+-+-+-+-+-+-

La solución anterior duró 0min 0seg    -------> Nuevo optimo local. Costo: 901.8310000000001       ==> Optimo: 707.0  Desvio: 27.6%
Lista tabu: [((8,16,1.414),1), ((42,46,0.0),1), ((29,41,5.657),2), ((52,45,0.0),2), ((29,52,6.0),1), ((55,56,5.657),3), ((21,32,2.828),3), ((21,55,8.246),2), ((7,25,1.414),4), ((46,30,2.0),4), ((7,46,3.162),3), ((26,54,6.0),5), ((2,53,1.414),5), ((26,53,12.649),4), ((23,51,0.0),6), ((10,1,91.236),6), ((10,23,7.616),5), ((1,4,10.198),12), ((36,33,14.142),12), ((1,36,13.038),10), ((7,25,1.414),8), ((30,1,17.263),8), ((7,30,4.243),7)]

+-+-+-+-+-+-+-+-+-+-+-+-+-+-+-+-+-+-+-+-+-+- Iteracion 70  +-+-+-+-+-+-+-+-+-+-+-+-+-+-+-+-+-+-+-+-+-+-


Ruta #1: [1, 2, 53, 28, 17, 48, 40, 27, 22]
Costo asociado: 63.111000000000004      Capacidad: 87.0

Ruta #2: [1, 26, 54, 7, 25, 42, 46, 30]
Costo asociado: 38.693000000000005      Capacidad: 90.0

Ruta #3: [1, 36, 49, 37, 50, 34, 14, 4, 33]
Costo asociado: 72.145      Capacidad: 98.0

Ruta #4: [1, 43, 38, 5, 8, 16, 20, 47]
Costo asociado: 152.48      Capacidad: 100.0

Ruta #5: [1, 3, 31, 35, 55, 56, 12, 21, 32, 44, 11, 19]
Costo asociado: 228.691      Capacidad: 78.0

Ruta #6: [1, 9, 15, 45, 52, 6, 41, 29, 18]
Costo asociado: 156.21300000000002      Capacidad: 92.0

Ruta #7: [1, 24, 23, 51, 39, 13, 10]
Costo asociado: 190.498      Capacidad: 71.0

--> Costo total: 899.1500000000001          Capacidad total: 616.0

+-+-+-+-+-+-+-+-+-+-+-+-+-+-+-+-+-+-+-+-+-+- Iteracion 70  +-+-+-+-+-+-+-+-+-+-+-+-+-+-+-+-+-+-+-+-+-+-

La solución anterior duró 0min 0seg    -------> Nuevo optimo local. Costo: 899.1500000000001       ==> Optimo: 707.0  Desvio: 27.6%
Lista tabu: [((7,25,1.414),1), ((46,30,2.0),1), ((26,54,6.0),2), ((2,53,1.414),2), ((26,53,12.649),1), ((23,51,0.0),3), ((10,1,91.236),3), ((10,23,7.616),2), ((1,4,10.198),9), ((36,33,14.142),9), ((1,36,13.038),7), ((7,25,1.414),5), ((30,1,17.263),5), ((7,30,4.243),4), ((9,18,2.0),11), ((15,1,69.354),11), ((9,15,6.325),9), ((26,54,6.0),7), ((46,30,2.0),7), ((26,46,8.246),6), ((44,11,6.0),8), ((20,47,10.0),8), ((44,47,8.246),7)]

+-+-+-+-+-+-+-+-+-+-+-+-+-+-+-+-+-+-+-+-+-+- Iteracion 80  +-+-+-+-+-+-+-+-+-+-+-+-+-+-+-+-+-+-+-+-+-+-


Ruta #1: [1, 2, 53, 28, 17, 48, 40, 27, 22]
Costo asociado: 63.111000000000004      Capacidad: 87.0

Ruta #2: [1, 26, 54, 7, 25, 42, 46, 30]
Costo asociado: 38.693000000000005      Capacidad: 90.0

Ruta #3: [1, 36, 49, 37, 50, 34, 14, 4, 33]
Costo asociado: 72.145      Capacidad: 98.0

Ruta #4: [1, 43, 38, 5, 8, 16, 20, 47]
Costo asociado: 152.48      Capacidad: 100.0

Ruta #5: [1, 3, 31, 35, 55, 56, 12, 21, 32, 44, 11, 19]
Costo asociado: 228.691      Capacidad: 78.0

Ruta #6: [1, 9, 29, 41, 6, 52, 45, 15, 18]
Costo asociado: 153.53199999999998      Capacidad: 92.0

Ruta #7: [1, 24, 23, 51, 39, 13, 10]
Costo asociado: 190.498      Capacidad: 71.0

--> Costo total: 895.2060000000001          Capacidad total: 616.0

+-+-+-+-+-+-+-+-+-+-+-+-+-+-+-+-+-+-+-+-+-+- Iteracion 80  +-+-+-+-+-+-+-+-+-+-+-+-+-+-+-+-+-+-+-+-+-+-

La solución anterior duró 0min 0seg    -------> Nuevo optimo local. Costo: 895.2060000000001       ==> Optimo: 707.0  Desvio: 27.2%
Lista tabu: [((9,18,2.0),1), ((15,1,69.354),1), ((9,15,6.325),4), ((29,18,2.828),4), ((9,29,2.0),2), ((23,51,0.0),1), ((10,1,91.236),1), ((48,40,4.0),2), ((22,1,21.954),2), ((22,48,8.246),1), ((29,41,5.657),3), ((15,18,4.472),3), ((15,29,6.0),2), ((9,29,2.0),4), ((45,15,0.0),4), ((9,45,6.325),3), ((29,41,5.657),5), ((6,52,7.616),5), ((6,29,11.402),4), ((9,29,2.0),6), ((6,52,7.616),6), ((6,9,12.728),5), ((1,36,13.038),7), ((37,50,4.472),7), ((1,37,13.038),6), ((2,53,1.414),8), ((28,17,2.828),8), ((2,28,3.162),7)]

+-+-+-+-+-+-+-+-+-+-+-+-+-+-+-+-+-+-+-+-+-+- Iteracion 95  +-+-+-+-+-+-+-+-+-+-+-+-+-+-+-+-+-+-+-+-+-+-


Ruta #1: [1, 2, 53, 28, 17, 48, 40, 27, 22]
Costo asociado: 63.111000000000004      Capacidad: 87.0

Ruta #2: [1, 26, 54, 7, 25, 42, 46, 30]
Costo asociado: 38.693000000000005      Capacidad: 90.0

Ruta #3: [1, 36, 49, 4, 14, 34, 50, 37, 33]
Costo asociado: 68.20100000000001      Capacidad: 98.0

Ruta #4: [1, 43, 38, 5, 8, 16, 20, 47]
Costo asociado: 152.48      Capacidad: 100.0

Ruta #5: [1, 3, 31, 35, 55, 56, 12, 21, 32, 44, 11, 19]
Costo asociado: 228.691      Capacidad: 78.0

Ruta #6: [1, 9, 29, 41, 6, 52, 45, 15, 18]
Costo asociado: 153.53199999999998      Capacidad: 92.0

Ruta #7: [1, 24, 23, 51, 39, 13, 10]
Costo asociado: 190.498      Capacidad: 71.0

--> Costo total: 893.068          Capacidad total: 616.0

+-+-+-+-+-+-+-+-+-+-+-+-+-+-+-+-+-+-+-+-+-+- Iteracion 95  +-+-+-+-+-+-+-+-+-+-+-+-+-+-+-+-+-+-+-+-+-+-

La solución anterior duró 0min 0seg    -------> Nuevo optimo local. Costo: 893.068       ==> Optimo: 707.0  Desvio: 26.6%
Lista tabu: [((7,25,1.414),1), ((30,1,17.263),1), ((51,39,2.0),2), ((13,10,5.831),2), ((13,51,4.472),1), ((1,2,7.211),3), ((17,48,15.232),3), ((1,17,9.487),2), ((41,6,5.831),4), ((45,15,0.0),4), ((41,45,4.472),3), ((49,4,7.071),5), ((50,37,4.472),5), ((49,50,10.198),4), ((31,35,0.0),6), ((55,56,5.657),6), ((31,55,0.0),5), ((45,15,0.0),7), ((18,1,64.885),7), ((18,45,4.472),6), ((2,53,1.414),8), ((26,54,6.0),8), ((2,54,14.213),7)]

+-+-+-+-+-+-+-+-+-+-+-+-+-+-+-+-+-+-+-+-+-+- Iteracion 100  +-+-+-+-+-+-+-+-+-+-+-+-+-+-+-+-+-+-+-+-+-+-


Ruta #1: [1, 2, 53, 28, 17, 48, 40, 27, 22]
Costo asociado: 63.111000000000004      Capacidad: 87.0

Ruta #2: [1, 26, 54, 7, 25, 42, 46, 30]
Costo asociado: 38.693000000000005      Capacidad: 90.0

Ruta #3: [1, 36, 49, 4, 14, 34, 50, 33, 37]
Costo asociado: 66.063      Capacidad: 98.0

Ruta #4: [1, 43, 38, 5, 8, 16, 20, 47]
Costo asociado: 152.48      Capacidad: 100.0

Ruta #5: [1, 3, 31, 35, 55, 56, 12, 21, 32, 44, 11, 19]
Costo asociado: 228.691      Capacidad: 78.0

Ruta #6: [1, 9, 29, 41, 6, 52, 45, 15, 18]
Costo asociado: 153.53199999999998      Capacidad: 92.0

Ruta #7: [1, 24, 23, 51, 39, 13, 10]
Costo asociado: 190.498      Capacidad: 71.0

--> Costo total: 891.644          Capacidad total: 616.0

+-+-+-+-+-+-+-+-+-+-+-+-+-+-+-+-+-+-+-+-+-+- Iteracion 100  +-+-+-+-+-+-+-+-+-+-+-+-+-+-+-+-+-+-+-+-+-+-

La solución anterior duró 0min 0seg    -------> Nuevo optimo local. Costo: 891.644       ==> Optimo: 707.0  Desvio: 26.3%
Lista tabu: [((31,35,0.0),1), ((55,56,5.657),1), ((45,15,0.0),2), ((18,1,64.885),2), ((18,45,4.472),1), ((2,53,1.414),3), ((26,54,6.0),3), ((2,54,14.213),2), ((50,37,4.472),9), ((33,1,17.029),9), ((33,50,6.325),7), ((1,36,13.038),5), ((49,4,7.071),5), ((1,49,8.602),4), ((7,25,1.414),6), ((42,46,0.0),6), ((7,42,3.162),5), ((25,42,2.0),7), ((17,48,15.232),7), ((25,48,8.246),6), ((45,15,0.0),8), ((18,1,64.885),8), ((18,45,4.472),7)]

+-+-+-+-+-+-+-+-+-+-+-+-+-+-+-+-+-+-+-+-+-+- Iteracion 117  +-+-+-+-+-+-+-+-+-+-+-+-+-+-+-+-+-+-+-+-+-+-


Ruta #1: [1, 2, 53, 28, 17, 48, 40, 27, 22]
Costo asociado: 63.111000000000004      Capacidad: 87.0

Ruta #2: [1, 26, 54, 7, 25, 42, 46, 30]
Costo asociado: 38.693000000000005      Capacidad: 90.0

Ruta #3: [1, 36, 49, 4, 14, 34, 50, 33, 37]
Costo asociado: 66.063      Capacidad: 98.0

Ruta #4: [1, 43, 38, 5, 8, 16, 20, 47]
Costo asociado: 152.48      Capacidad: 100.0

Ruta #5: [1, 3, 31, 35, 55, 12, 56, 21, 32, 44, 11, 19]
Costo asociado: 227.267      Capacidad: 78.0

Ruta #6: [1, 9, 29, 41, 6, 52, 45, 15, 18]
Costo asociado: 153.53199999999998      Capacidad: 92.0

Ruta #7: [1, 24, 23, 51, 39, 13, 10]
Costo asociado: 190.498      Capacidad: 71.0

--> Costo total: 890.5060000000001          Capacidad total: 616.0

+-+-+-+-+-+-+-+-+-+-+-+-+-+-+-+-+-+-+-+-+-+- Iteracion 117  +-+-+-+-+-+-+-+-+-+-+-+-+-+-+-+-+-+-+-+-+-+-

La solución anterior duró 0min 0seg    -------> Nuevo optimo local. Costo: 890.5060000000001       ==> Optimo: 707.0  Desvio: 26.1%
Lista tabu: [((45,15,0.0),1), ((18,1,64.885),1), ((20,47,10.0),2), ((32,44,87.464),2), ((20,44,8.0),1), ((7,25,1.414),3), ((46,30,2.0),3), ((7,46,3.162),2), ((41,6,5.831),4), ((18,1,64.885),4), ((18,41,6.325),3), ((43,38,2.828),5), ((5,8,11.662),5), ((5,43,9.487),4), ((31,35,0.0),6), ((56,21,4.472),6), ((31,56,5.657),5), ((6,52,7.616),7), ((15,18,4.472),7), ((6,15,7.616),6), ((36,49,8.485),8), ((37,1,13.038),8), ((36,37,13.416),7)]

+-+-+-+-+-+-+-+-+-+-+-+-+-+-+-+-+-+-+-+-+-+- Iteracion 144  +-+-+-+-+-+-+-+-+-+-+-+-+-+-+-+-+-+-+-+-+-+-


Ruta #1: [1, 2, 53, 28, 17, 48, 40, 27, 22]
Costo asociado: 63.111000000000004      Capacidad: 87.0

Ruta #2: [1, 26, 54, 7, 25, 30, 46, 42]
Costo asociado: 37.55500000000001      Capacidad: 90.0

Ruta #3: [1, 36, 49, 4, 14, 34, 50, 33, 37]
Costo asociado: 66.063      Capacidad: 98.0

Ruta #4: [1, 43, 38, 5, 8, 16, 20, 47]
Costo asociado: 152.48      Capacidad: 100.0

Ruta #5: [1, 3, 31, 35, 55, 12, 56, 21, 32, 44, 11, 19]
Costo asociado: 227.267      Capacidad: 78.0

Ruta #6: [1, 9, 29, 41, 6, 52, 45, 15, 18]
Costo asociado: 153.53199999999998      Capacidad: 92.0

Ruta #7: [1, 24, 23, 51, 39, 13, 10]
Costo asociado: 190.498      Capacidad: 71.0

--> Costo total: 882.8009999999999          Capacidad total: 616.0

+-+-+-+-+-+-+-+-+-+-+-+-+-+-+-+-+-+-+-+-+-+- Iteracion 144  +-+-+-+-+-+-+-+-+-+-+-+-+-+-+-+-+-+-+-+-+-+-

La solución anterior duró 0min 0seg    -------> Nuevo optimo local. Costo: 882.8009999999999       ==> Optimo: 707.0  Desvio: 26.0%
Lista tabu: [((50,33,6.325),1), ((37,1,13.038),1), ((30,46,2.0),2), ((42,1,15.297),2), ((30,42,2.0),1), ((26,54,6.0),3), ((25,30,2.828),3), ((25,26,8.0),2), ((49,4,7.071),4), ((50,33,6.325),4), ((49,50,10.198),3), ((38,5,8.602),5), ((26,54,6.0),5), ((38,54,6.325),4), ((26,54,6.0),6), ((42,1,15.297),6), ((26,42,8.246),5), ((49,4,7.071),7), ((50,33,6.325),7), ((49,50,10.198),6), ((3,31,1.414),8), ((32,44,87.464),8), ((3,32,7.071),7)]

+-+-+-+-+-+-+-+-+-+-+-+-+-+-+-+-+-+-+-+-+-+- Iteracion 152  +-+-+-+-+-+-+-+-+-+-+-+-+-+-+-+-+-+-+-+-+-+-


Ruta #1: [1, 2, 53, 28, 17, 48, 40, 27, 22]
Costo asociado: 63.111000000000004      Capacidad: 87.0

Ruta #2: [1, 26, 54, 7, 25, 30, 46, 42]
Costo asociado: 37.55500000000001      Capacidad: 90.0

Ruta #3: [1, 36, 49, 4, 14, 34, 50, 33, 37]
Costo asociado: 66.063      Capacidad: 98.0

Ruta #4: [1, 43, 38, 5, 8, 16, 20]
Costo asociado: 133.811      Capacidad: 80.0

Ruta #5: [1, 3, 31, 35, 55, 12, 56, 21, 32, 44, 11, 19, 47]
Costo asociado: 238.231      Capacidad: 98.0

Ruta #6: [1, 9, 29, 41, 6, 52, 45, 15, 18]
Costo asociado: 153.53199999999998      Capacidad: 92.0

Ruta #7: [1, 24, 23, 51, 39, 13, 10]
Costo asociado: 190.498      Capacidad: 71.0

--> Costo total: 881.579          Capacidad total: 616.0

+-+-+-+-+-+-+-+-+-+-+-+-+-+-+-+-+-+-+-+-+-+- Iteracion 152  +-+-+-+-+-+-+-+-+-+-+-+-+-+-+-+-+-+-+-+-+-+-

La solución anterior duró 0min 0seg    -------> Nuevo optimo local. Costo: 881.579       ==> Optimo: 707.0  Desvio: 24.9%
Lista tabu: [((19,1,54.626),6), ((20,47,10.0),6), ((19,47,5.657),4), ((16,20,41.012),2), ((46,42,0.0),2), ((16,42,5.657),1), ((35,55,0.0),3), ((56,21,4.472),3), ((35,56,5.657),2), ((25,30,2.828),4), ((46,42,0.0),4), ((25,46,2.0),3), ((29,41,5.657),5), ((15,18,4.472),5), ((15,29,6.0),4), ((41,6,5.831),6), ((15,18,4.472),6), ((15,41,4.472),5), ((35,55,0.0),7), ((12,56,4.472),7), ((12,35,8.246),6), ((5,8,11.662),8), ((46,42,0.0),8), ((5,42,12.083),7)]

+-+-+-+-+-+-+-+-+-+-+-+-+-+-+-+-+-+-+-+-+-+- Iteracion 166  +-+-+-+-+-+-+-+-+-+-+-+-+-+-+-+-+-+-+-+-+-+-


Ruta #1: [1, 2, 53, 28, 17, 48, 40, 27, 22]
Costo asociado: 63.111000000000004      Capacidad: 87.0

Ruta #2: [1, 26, 54, 7, 25, 30, 46, 42]
Costo asociado: 37.55500000000001      Capacidad: 90.0

Ruta #3: [1, 36, 49, 4, 14, 34, 50, 33, 37]
Costo asociado: 66.063      Capacidad: 98.0

Ruta #4: [1, 43, 38, 5, 16, 8, 20]
Costo asociado: 132.589      Capacidad: 80.0

Ruta #5: [1, 3, 31, 35, 55, 12, 56, 21, 32, 44, 11, 19, 47]
Costo asociado: 238.231      Capacidad: 98.0

Ruta #6: [1, 9, 29, 41, 6, 52, 45, 15, 18]
Costo asociado: 153.53199999999998      Capacidad: 92.0

Ruta #7: [1, 24, 23, 51, 39, 13, 10]
Costo asociado: 190.498      Capacidad: 71.0

--> Costo total: 880.836          Capacidad total: 616.0

+-+-+-+-+-+-+-+-+-+-+-+-+-+-+-+-+-+-+-+-+-+- Iteracion 166  +-+-+-+-+-+-+-+-+-+-+-+-+-+-+-+-+-+-+-+-+-+-

La solución anterior duró 0min 0seg    -------> Nuevo optimo local. Costo: 880.836       ==> Optimo: 707.0  Desvio: 24.7%
Lista tabu: [((19,47,5.657),1), ((8,20,40.05),1), ((40,27,4.0),2), ((46,42,0.0),2), ((40,42,8.485),1), ((7,25,1.414),3), ((46,42,0.0),3), ((7,46,3.162),2), ((29,41,5.657),4), ((18,1,64.885),4), ((18,29,2.828),3), ((49,4,7.071),5), ((14,34,6.0),5), ((14,49,8.944),4), ((16,8,1.414),6), ((46,42,0.0),6), ((16,42,5.657),5), ((38,5,8.602),7), ((8,20,40.05),7), ((8,38,5.099),6), ((4,14,3.162),8), ((37,1,13.038),8), ((4,37,5.099),7)]

+-+-+-+-+-+-+-+-+-+-+-+-+-+-+-+-+-+-+-+-+-+- Iteracion 168  +-+-+-+-+-+-+-+-+-+-+-+-+-+-+-+-+-+-+-+-+-+-


Ruta #1: [1, 2, 53, 28, 17, 48, 40, 27, 22]
Costo asociado: 63.111000000000004      Capacidad: 87.0

Ruta #2: [1, 26, 54, 7, 25, 30, 46, 42]
Costo asociado: 37.55500000000001      Capacidad: 90.0

Ruta #3: [1, 36, 49, 4, 14, 34, 50, 33, 37]
Costo asociado: 66.063      Capacidad: 98.0

Ruta #4: [1, 43, 5, 38, 16, 8, 20]
Costo asociado: 131.846      Capacidad: 80.0

Ruta #5: [1, 3, 31, 35, 55, 12, 56, 21, 32, 44, 11, 19, 47]
Costo asociado: 238.231      Capacidad: 98.0

Ruta #6: [1, 9, 29, 41, 6, 52, 45, 15, 18]
Costo asociado: 153.53199999999998      Capacidad: 92.0

Ruta #7: [1, 24, 23, 51, 39, 13, 10]
Costo asociado: 190.498      Capacidad: 71.0

--> Costo total: 879.2180000000001          Capacidad total: 616.0

+-+-+-+-+-+-+-+-+-+-+-+-+-+-+-+-+-+-+-+-+-+- Iteracion 168  +-+-+-+-+-+-+-+-+-+-+-+-+-+-+-+-+-+-+-+-+-+-

La solución anterior duró 0min 0seg    -------> Nuevo optimo local. Costo: 879.2180000000001       ==> Optimo: 707.0  Desvio: 24.6%
Lista tabu: [((7,25,1.414),1), ((46,42,0.0),1), ((29,41,5.657),2), ((18,1,64.885),2), ((18,29,2.828),1), ((49,4,7.071),3), ((14,34,6.0),3), ((14,49,8.944),2), ((16,8,1.414),4), ((46,42,0.0),4), ((16,42,5.657),3), ((38,5,8.602),5), ((8,20,40.05),5), ((8,38,5.099),4), ((4,14,3.162),6), ((37,1,13.038),6), ((4,37,5.099),5), ((43,38,2.828),12), ((5,16,11.402),12), ((5,43,9.487),10), ((23,51,0.0),8), ((39,13,5.657),8), ((23,39,2.0),7)]

+-+-+-+-+-+-+-+-+-+-+-+-+-+-+-+-+-+-+-+-+-+- Iteracion 207  +-+-+-+-+-+-+-+-+-+-+-+-+-+-+-+-+-+-+-+-+-+-


Ruta #1: [1, 2, 53, 28, 17, 48, 40, 27, 22]
Costo asociado: 63.111000000000004      Capacidad: 87.0

Ruta #2: [1, 26, 54, 7, 25, 30, 46, 42]
Costo asociado: 37.55500000000001      Capacidad: 90.0

Ruta #3: [1, 36, 49, 4, 14, 34, 50, 33, 37]
Costo asociado: 66.063      Capacidad: 98.0

Ruta #4: [1, 43, 5, 38, 16, 8, 20]
Costo asociado: 131.846      Capacidad: 80.0

Ruta #5: [1, 3, 31, 35, 55, 12, 56, 21, 32, 44, 19, 11, 47]
Costo asociado: 236.613      Capacidad: 98.0

Ruta #6: [1, 9, 29, 41, 6, 52, 45, 15, 18]
Costo asociado: 153.53199999999998      Capacidad: 92.0

Ruta #7: [1, 24, 23, 51, 39, 13, 10]
Costo asociado: 190.498      Capacidad: 71.0

--> Costo total: 878.2860000000001          Capacidad total: 616.0

+-+-+-+-+-+-+-+-+-+-+-+-+-+-+-+-+-+-+-+-+-+- Iteracion 207  +-+-+-+-+-+-+-+-+-+-+-+-+-+-+-+-+-+-+-+-+-+-

La solución anterior duró 0min 1seg    -------> Nuevo optimo local. Costo: 878.2860000000001       ==> Optimo: 707.0  Desvio: 24.4%
Lista tabu: [((14,34,6.0),1), ((37,1,13.038),1), ((48,40,4.0),2), ((27,22,4.472),2), ((27,48,5.657),1), ((34,50,4.472),3), ((37,1,13.038),3), ((34,37,8.944),2), ((26,54,6.0),4), ((53,28,2.0),4), ((26,28,13.416),3), ((52,45,0.0),5), ((18,1,64.885),5), ((18,52,4.472),4), ((3,31,1.414),6), ((32,44,87.464),6), ((3,32,7.071),5), ((31,35,0.0),7), ((32,44,87.464),7), ((31,32,6.0),6), ((41,6,5.831),8), ((45,15,0.0),8), ((41,45,4.472),7)]

+-+-+-+-+-+-+-+-+-+-+-+-+-+-+-+-+-+-+-+-+-+- Iteracion 248  +-+-+-+-+-+-+-+-+-+-+-+-+-+-+-+-+-+-+-+-+-+-


Ruta #1: [1, 2, 53, 28, 17, 48, 40, 27, 22]
Costo asociado: 63.111000000000004      Capacidad: 87.0

Ruta #2: [1, 26, 54, 7, 25, 30, 46, 42]
Costo asociado: 37.55500000000001      Capacidad: 90.0

Ruta #3: [1, 36, 49, 4, 14, 34, 50, 33, 37]
Costo asociado: 66.063      Capacidad: 98.0

Ruta #4: [1, 43, 5, 38, 16, 8, 20]
Costo asociado: 131.846      Capacidad: 80.0

Ruta #5: [1, 3, 31, 35, 55, 12, 56, 21, 32, 44, 19, 11, 47]
Costo asociado: 236.613      Capacidad: 98.0

Ruta #6: [1, 9, 18, 15, 45, 52, 6, 41, 29]
Costo asociado: 152.6      Capacidad: 92.0

Ruta #7: [1, 24, 23, 51, 39, 13, 10]
Costo asociado: 190.498      Capacidad: 71.0

--> Costo total: 874.0140000000001          Capacidad total: 616.0

+-+-+-+-+-+-+-+-+-+-+-+-+-+-+-+-+-+-+-+-+-+- Iteracion 248  +-+-+-+-+-+-+-+-+-+-+-+-+-+-+-+-+-+-+-+-+-+-

La solución anterior duró 0min 1seg    -------> Nuevo optimo local. Costo: 874.0140000000001       ==> Optimo: 707.0  Desvio: 24.2%
Lista tabu: [((16,8,1.414),1), ((40,27,4.0),1), ((6,41,5.831),2), ((39,13,5.657),2), ((6,13,11.045),1), ((24,23,2.0),3), ((13,10,5.831),3), ((13,24,4.0),2), ((26,54,6.0),4), ((2,53,1.414),4), ((26,53,12.649),3), ((45,52,0.0),5), ((6,41,5.831),5), ((6,45,7.616),4), ((20,1,51.264),6), ((11,47,2.828),6), ((20,47,10.0),5), ((43,5,9.487),7), ((8,20,40.05),7), ((8,43,7.616),6), ((52,6,7.616),8), ((41,29,5.657),8), ((41,52,4.472),7)]

+-+-+-+-+-+-+-+-+-+-+-+-+-+-+-+-+-+-+-+-+-+- Iteracion 258  +-+-+-+-+-+-+-+-+-+-+-+-+-+-+-+-+-+-+-+-+-+-


Ruta #1: [1, 2, 53, 28, 17, 48, 40, 27, 22]
Costo asociado: 63.111000000000004      Capacidad: 87.0

Ruta #2: [1, 26, 54, 7, 25, 30, 46, 42]
Costo asociado: 37.55500000000001      Capacidad: 90.0

Ruta #3: [1, 36, 49, 4, 14, 34, 50, 33, 37]
Costo asociado: 66.063      Capacidad: 98.0

Ruta #4: [1, 43, 5, 38, 16, 8, 20]
Costo asociado: 131.846      Capacidad: 80.0

Ruta #5: [1, 3, 31, 35, 55, 12, 56, 21, 32, 44, 47, 11, 19]
Costo asociado: 232.341      Capacidad: 98.0

Ruta #6: [1, 9, 18, 15, 45, 52, 6, 41, 29]
Costo asociado: 152.6      Capacidad: 92.0

Ruta #7: [1, 24, 23, 51, 39, 13, 10]
Costo asociado: 190.498      Capacidad: 71.0

--> Costo total: 871.1000000000001          Capacidad total: 616.0

+-+-+-+-+-+-+-+-+-+-+-+-+-+-+-+-+-+-+-+-+-+- Iteracion 258  +-+-+-+-+-+-+-+-+-+-+-+-+-+-+-+-+-+-+-+-+-+-

La solución anterior duró 0min 0seg    -------> Nuevo optimo local. Costo: 871.1000000000001       ==> Optimo: 707.0  Desvio: 23.6%
Lista tabu: [((44,19,7.211),4), ((47,1,59.933),4), ((44,47,8.246),2), ((54,7,1.414),1), ((25,30,2.828),1), ((7,25,1.414),2), ((5,38,8.602),2), ((7,38,5.831),1), ((45,52,0.0),3), ((41,29,5.657),3), ((41,45,4.472),2), ((18,15,4.472),4), ((45,52,0.0),4), ((18,45,4.472),3), ((38,16,4.0),5), ((30,46,2.0),5), ((38,46,4.0),4), ((25,30,2.828),6), ((48,40,4.0),6), ((25,40,10.0),5), ((14,34,6.0),7), ((50,33,6.325),7), ((14,50,2.828),6), ((24,23,2.0),8), ((10,1,91.236),8), ((10,24,8.602),7)]

+-+-+-+-+-+-+-+-+-+-+-+-+-+-+-+-+-+-+-+-+-+- Iteracion 274  +-+-+-+-+-+-+-+-+-+-+-+-+-+-+-+-+-+-+-+-+-+-


Ruta #1: [1, 2, 53, 28, 17, 48, 40, 27, 22]
Costo asociado: 63.111000000000004      Capacidad: 87.0

Ruta #2: [1, 26, 54, 7, 25, 30, 46, 42]
Costo asociado: 37.55500000000001      Capacidad: 90.0

Ruta #3: [1, 36, 49, 4, 14, 34, 50, 33, 37]
Costo asociado: 66.063      Capacidad: 98.0

Ruta #4: [1, 43, 5, 38, 16, 8, 20]
Costo asociado: 131.846      Capacidad: 80.0

Ruta #5: [1, 3, 31, 35, 55, 12, 56, 21, 32, 44, 11, 47, 19]
Costo asociado: 229.42700000000002      Capacidad: 98.0

Ruta #6: [1, 9, 18, 15, 45, 52, 6, 41, 29]
Costo asociado: 152.6      Capacidad: 92.0

Ruta #7: [1, 24, 23, 51, 39, 13, 10]
Costo asociado: 190.498      Capacidad: 71.0

--> Costo total: 867.1890000000001          Capacidad total: 616.0

+-+-+-+-+-+-+-+-+-+-+-+-+-+-+-+-+-+-+-+-+-+- Iteracion 274  +-+-+-+-+-+-+-+-+-+-+-+-+-+-+-+-+-+-+-+-+-+-

La solución anterior duró 0min 0seg    -------> Nuevo optimo local. Costo: 867.1890000000001       ==> Optimo: 707.0  Desvio: 23.2%
Lista tabu: [((1,36,13.038),1), ((4,14,3.162),1), ((49,4,7.071),2), ((33,37,4.472),2), ((33,49,8.944),1), ((4,14,3.162),3), ((34,50,4.472),3), ((4,34,9.055),2), ((25,30,2.828),4), ((48,40,4.0),4), ((25,40,10.0),3), ((14,34,6.0),5), ((50,33,6.325),5), ((14,50,2.828),4), ((3,31,1.414),6), ((55,12,8.246),6), ((3,55,1.414),5), ((2,53,1.414),7), ((48,40,4.0),7), ((2,48,13.342),6), ((3,31,1.414),8), ((32,44,87.464),8), ((3,32,7.071),7)]

+-+-+-+-+-+-+-+-+-+-+-+-+-+-+-+-+-+-+-+-+-+- Iteracion 287  +-+-+-+-+-+-+-+-+-+-+-+-+-+-+-+-+-+-+-+-+-+-


Ruta #1: [1, 2, 53, 28, 17, 48, 40, 27, 22]
Costo asociado: 63.111000000000004      Capacidad: 87.0

Ruta #2: [1, 26, 54, 7, 25, 30, 46, 42]
Costo asociado: 37.55500000000001      Capacidad: 90.0

Ruta #3: [1, 36, 49, 37, 33, 50, 34, 14, 4]
Costo asociado: 62.152      Capacidad: 98.0

Ruta #4: [1, 43, 5, 38, 16, 8, 20]
Costo asociado: 131.846      Capacidad: 80.0

Ruta #5: [1, 3, 31, 35, 55, 12, 56, 21, 32, 44, 11, 47, 19]
Costo asociado: 229.42700000000002      Capacidad: 98.0

Ruta #6: [1, 9, 18, 15, 45, 52, 6, 41, 29]
Costo asociado: 152.6      Capacidad: 92.0

Ruta #7: [1, 24, 23, 51, 39, 13, 10]
Costo asociado: 190.498      Capacidad: 71.0

--> Costo total: 862.7950000000001          Capacidad total: 616.0

+-+-+-+-+-+-+-+-+-+-+-+-+-+-+-+-+-+-+-+-+-+- Iteracion 287  +-+-+-+-+-+-+-+-+-+-+-+-+-+-+-+-+-+-+-+-+-+-

La solución anterior duró 0min 0seg    -------> Nuevo optimo local. Costo: 862.7950000000001       ==> Optimo: 707.0  Desvio: 22.7%
Lista tabu: [((49,4,7.071),1), ((37,1,13.038),1), ((6,41,5.831),1), ((29,1,63.953),1), ((49,37,6.0),2), ((14,4,3.162),2), ((14,49,8.944),1), ((54,7,1.414),3), ((30,46,2.0),3), ((30,54,4.472),2), ((31,35,0.0),4), ((12,56,4.472),4), ((12,31,8.246),3), ((6,41,5.831),5), ((29,1,63.953),5), ((6,29,11.402),4), ((1,36,13.038),6), ((37,33,4.472),6), ((1,37,13.038),5), ((3,31,1.414),7), ((56,21,4.472),7), ((3,56,7.071),6), ((26,54,6.0),8), ((25,30,2.828),8), ((25,26,8.0),7)]

+-+-+-+-+-+-+-+-+-+-+-+-+-+-+-+-+-+-+-+-+-+- Iteracion 289  +-+-+-+-+-+-+-+-+-+-+-+-+-+-+-+-+-+-+-+-+-+-


Ruta #1: [1, 2, 53, 28, 17, 48, 40, 27, 22]
Costo asociado: 63.111000000000004      Capacidad: 87.0

Ruta #2: [1, 26, 54, 7, 25, 30, 46, 42]
Costo asociado: 37.55500000000001      Capacidad: 90.0

Ruta #3: [1, 36, 49, 37, 33, 50, 34, 14, 4]
Costo asociado: 62.152      Capacidad: 98.0

Ruta #4: [1, 43, 5, 38, 16, 8, 20]
Costo asociado: 131.846      Capacidad: 80.0

Ruta #5: [1, 3, 31, 35, 55, 12, 56, 21, 32, 44, 11, 47, 19]
Costo asociado: 229.42700000000002      Capacidad: 98.0

Ruta #6: [1, 9, 18, 15, 45, 52, 6, 41, 29]
Costo asociado: 152.6      Capacidad: 92.0

Ruta #7: [1, 24, 23, 51, 39, 10, 13]
Costo asociado: 186.10399999999998      Capacidad: 71.0

--> Costo total: 861.685          Capacidad total: 616.0

+-+-+-+-+-+-+-+-+-+-+-+-+-+-+-+-+-+-+-+-+-+- Iteracion 289  +-+-+-+-+-+-+-+-+-+-+-+-+-+-+-+-+-+-+-+-+-+-

La solución anterior duró 0min 0seg    -------> Nuevo optimo local. Costo: 861.685       ==> Optimo: 707.0  Desvio: 22.0%
Lista tabu: [((54,7,1.414),1), ((30,46,2.0),1), ((31,35,0.0),2), ((12,56,4.472),2), ((12,31,8.246),1), ((6,41,5.831),3), ((29,1,63.953),3), ((6,29,11.402),2), ((1,36,13.038),4), ((37,33,4.472),4), ((1,37,13.038),3), ((3,31,1.414),5), ((56,21,4.472),5), ((3,56,7.071),4), ((26,54,6.0),6), ((25,30,2.828),6), ((25,26,8.0),5), ((39,13,5.657),12), ((10,1,91.236),12), ((10,39,7.071),10), ((48,40,4.0),8), ((27,22,4.472),8), ((27,48,5.657),7)]

+-+-+-+-+-+-+-+-+-+-+-+-+-+-+-+-+-+-+-+-+-+- Iteracion 348  +-+-+-+-+-+-+-+-+-+-+-+-+-+-+-+-+-+-+-+-+-+-


Ruta #1: [1, 2, 53, 28, 17, 48, 40, 27, 22]
Costo asociado: 63.111000000000004      Capacidad: 87.0

Ruta #2: [1, 26, 54, 7, 25, 30, 46, 42]
Costo asociado: 37.55500000000001      Capacidad: 90.0

Ruta #3: [1, 36, 49, 37, 33, 50, 34, 14, 4]
Costo asociado: 62.152      Capacidad: 98.0

Ruta #4: [1, 43, 5, 38, 16, 8, 20]
Costo asociado: 131.846      Capacidad: 80.0

Ruta #5: [1, 3, 31, 35, 55, 32, 21, 56, 12, 44, 11, 47, 19]
Costo asociado: 228.317      Capacidad: 98.0

Ruta #6: [1, 9, 18, 15, 45, 52, 6, 41, 29]
Costo asociado: 152.6      Capacidad: 92.0

Ruta #7: [1, 24, 23, 51, 39, 10, 13]
Costo asociado: 186.10399999999998      Capacidad: 71.0

--> Costo total: 861.0910000000001          Capacidad total: 616.0

+-+-+-+-+-+-+-+-+-+-+-+-+-+-+-+-+-+-+-+-+-+- Iteracion 348  +-+-+-+-+-+-+-+-+-+-+-+-+-+-+-+-+-+-+-+-+-+-

La solución anterior duró 0min 1seg    -------> Nuevo optimo local. Costo: 861.0910000000001       ==> Optimo: 707.0  Desvio: 21.9%
Lista tabu: [((38,16,4.0),1), ((16,8,1.414),1), ((25,30,2.828),1), ((52,6,7.616),2), ((41,29,5.657),2), ((41,52,4.472),1), ((1,36,13.038),3), ((37,33,4.472),3), ((49,37,6.0),3), ((1,37,13.038),2), ((15,45,0.0),4), ((41,29,5.657),4), ((6,41,5.831),4), ((15,41,4.472),3), ((44,11,6.0),5), ((11,47,2.828),5), ((8,20,40.05),5), ((11,20,10.0),4), ((52,6,7.616),6), ((6,41,5.831),6), ((24,23,2.0),6), ((6,23,13.342),5), ((3,31,1.414),7), ((32,21,2.828),7), ((55,32,6.0),7), ((3,32,7.071),6), ((15,45,0.0),8), ((6,41,5.831),8), ((52,6,7.616),8), ((6,15,7.616),7)]

+-+-+-+-+-+-+-+-+-+-+-+-+-+-+-+-+-+-+-+-+-+- Iteracion 650  +-+-+-+-+-+-+-+-+-+-+-+-+-+-+-+-+-+-+-+-+-+-


Ruta #1: [1, 2, 53, 28, 17, 48, 40, 27, 22]
Costo asociado: 63.111000000000004      Capacidad: 87.0

Ruta #2: [1, 26, 54, 7, 25, 46, 42]
Costo asociado: 34.727000000000004      Capacidad: 88.0

Ruta #3: [1, 36, 49, 37, 33, 50, 34, 14, 4]
Costo asociado: 62.152      Capacidad: 98.0

Ruta #4: [1, 30, 43, 5, 38, 16, 8, 20]
Costo asociado: 134.08      Capacidad: 82.0

Ruta #5: [1, 3, 31, 35, 55, 32, 21, 56, 12, 44, 11, 47, 19]
Costo asociado: 228.317      Capacidad: 98.0

Ruta #6: [1, 9, 18, 15, 45, 52, 6, 41, 29]
Costo asociado: 152.6      Capacidad: 92.0

Ruta #7: [1, 24, 23, 51, 39, 10, 13]
Costo asociado: 186.10399999999998      Capacidad: 71.0

--> Costo total: 860.6970000000001          Capacidad total: 616.0

+-+-+-+-+-+-+-+-+-+-+-+-+-+-+-+-+-+-+-+-+-+- Iteracion 650  +-+-+-+-+-+-+-+-+-+-+-+-+-+-+-+-+-+-+-+-+-+-

La solución anterior duró 0min 5seg    -------> Nuevo optimo local. Costo: 860.6970000000001       ==> Optimo: 707.0  Desvio: 21.8%
Lista tabu: [((36,49,8.485),1), ((33,50,6.325),1), ((18,15,4.472),2), ((52,6,7.616),2), ((18,52,4.472),1), ((43,5,9.487),3), ((16,8,1.414),3), ((16,43,6.325),2), ((24,23,2.0),4), ((39,10,7.071),4), ((24,39,4.0),3), ((9,18,2.0),5), ((52,6,7.616),5), ((9,52,6.325),4), ((18,15,4.472),6), ((41,29,5.657),6), ((18,41,6.325),5), ((3,31,1.414),7), ((21,56,4.472),7), ((32,21,2.828),7), ((3,21,9.487),6), ((45,52,0.0),8), ((29,1,63.953),8), ((41,29,5.657),8), ((29,45,6.0),7)]

+-+-+-+-+-+-+-+-+-+-+-+-+-+-+-+-+-+-+-+-+-+- Iteracion 657  +-+-+-+-+-+-+-+-+-+-+-+-+-+-+-+-+-+-+-+-+-+-


Ruta #1: [1, 2, 36, 53, 28, 17, 48, 40, 27, 22]
Costo asociado: 75.638      Capacidad: 94.0

Ruta #2: [1, 26, 54, 7, 25, 46, 42]
Costo asociado: 34.727000000000004      Capacidad: 88.0

Ruta #3: [1, 49, 37, 33, 50, 34, 14, 4]
Costo asociado: 49.231      Capacidad: 91.0

Ruta #4: [1, 30, 43, 5, 38, 16, 8, 20]
Costo asociado: 134.08      Capacidad: 82.0

Ruta #5: [1, 3, 31, 35, 55, 32, 21, 56, 12, 44, 11, 47, 19]
Costo asociado: 228.317      Capacidad: 98.0

Ruta #6: [1, 9, 18, 15, 45, 52, 6, 41, 29]
Costo asociado: 152.6      Capacidad: 92.0

Ruta #7: [1, 24, 23, 51, 39, 10, 13]
Costo asociado: 186.10399999999998      Capacidad: 71.0

--> Costo total: 859.415          Capacidad total: 616.0

+-+-+-+-+-+-+-+-+-+-+-+-+-+-+-+-+-+-+-+-+-+- Iteracion 657  +-+-+-+-+-+-+-+-+-+-+-+-+-+-+-+-+-+-+-+-+-+-

La solución anterior duró 0min 0seg    -------> Nuevo optimo local. Costo: 859.415       ==> Optimo: 707.0  Desvio: 21.7%
Lista tabu: [((45,52,0.0),1), ((29,1,63.953),1), ((41,29,5.657),1), ((1,36,13.038),7), ((36,49,8.485),7), ((2,53,1.414),7), ((36,53,6.325),5), ((37,33,4.472),3), ((14,4,3.162),3), ((34,14,6.0),3), ((14,37,4.472),2), ((26,54,6.0),4), ((46,42,0.0),4), ((25,46,2.0),4), ((26,46,8.246),3), ((37,33,4.472),5), ((50,34,4.472),5), ((37,50,4.472),4), ((7,25,1.414),6), ((25,46,2.0),6), ((5,38,8.602),6), ((25,38,4.472),5), ((47,19,5.657),7), ((19,1,54.626),7), ((8,20,40.05),7), ((19,20,4.472),6), ((1,30,17.263),8), ((30,43,2.0),8), ((48,40,4.0),8), ((30,40,7.211),7)]

+-+-+-+-+-+-+-+-+-+-+-+-+-+-+-+-+-+-+-+-+-+- Iteracion 663  +-+-+-+-+-+-+-+-+-+-+-+-+-+-+-+-+-+-+-+-+-+-


Ruta #1: [1, 2, 28, 36, 53, 17, 48, 40, 27, 22]
Costo asociado: 74.356      Capacidad: 94.0

Ruta #2: [1, 26, 54, 7, 25, 46, 42]
Costo asociado: 34.727000000000004      Capacidad: 88.0

Ruta #3: [1, 49, 37, 33, 50, 34, 14, 4]
Costo asociado: 49.231      Capacidad: 91.0

Ruta #4: [1, 30, 43, 5, 38, 16, 8, 20]
Costo asociado: 134.08      Capacidad: 82.0

Ruta #5: [1, 3, 31, 35, 55, 32, 21, 56, 12, 44, 11, 47, 19]
Costo asociado: 228.317      Capacidad: 98.0

Ruta #6: [1, 9, 18, 15, 45, 52, 6, 41, 29]
Costo asociado: 152.6      Capacidad: 92.0

Ruta #7: [1, 24, 23, 51, 39, 10, 13]
Costo asociado: 186.10399999999998      Capacidad: 71.0

--> Costo total: 856.8900000000001          Capacidad total: 616.0

+-+-+-+-+-+-+-+-+-+-+-+-+-+-+-+-+-+-+-+-+-+- Iteracion 663  +-+-+-+-+-+-+-+-+-+-+-+-+-+-+-+-+-+-+-+-+-+-

La solución anterior duró 0min 0seg    -------> Nuevo optimo local. Costo: 856.8900000000001       ==> Optimo: 707.0  Desvio: 21.6%
Lista tabu: [((1,36,13.038),1), ((36,49,8.485),1), ((2,53,1.414),1), ((47,19,5.657),1), ((19,1,54.626),1), ((8,20,40.05),1), ((1,30,17.263),2), ((30,43,2.0),2), ((48,40,4.0),2), ((30,40,7.211),1), ((2,36,7.616),8), ((28,17,2.828),8), ((53,28,2.0),8), ((2,28,3.162),6), ((38,16,4.0),4), ((16,8,1.414),4), ((26,54,6.0),4), ((16,54,6.325),3), ((23,51,0.0),5), ((10,13,5.831),5), ((39,10,7.071),5), ((10,23,7.616),4), ((7,25,1.414),6), ((46,42,0.0),6), ((7,46,3.162),5), ((35,55,0.0),7), ((56,12,4.472),7), ((21,56,4.472),7), ((35,56,5.657),6), ((1,2,7.211),8), ((2,28,3.162),8), ((1,26,8.602),8), ((2,26,11.402),7)]

+-+-+-+-+-+-+-+-+-+-+-+-+-+-+-+-+-+-+-+-+-+- Iteracion 854  +-+-+-+-+-+-+-+-+-+-+-+-+-+-+-+-+-+-+-+-+-+-


Ruta #1: [1, 2, 28, 36, 17, 53, 48, 40, 27, 22]
Costo asociado: 71.831      Capacidad: 94.0

Ruta #2: [1, 26, 54, 7, 25, 46, 42]
Costo asociado: 34.727000000000004      Capacidad: 88.0

Ruta #3: [1, 49, 37, 33, 50, 34, 14, 4]
Costo asociado: 49.231      Capacidad: 91.0

Ruta #4: [1, 30, 43, 5, 38, 16, 8, 20]
Costo asociado: 134.08      Capacidad: 82.0

Ruta #5: [1, 3, 31, 35, 55, 32, 21, 56, 12, 44, 11, 47, 19]
Costo asociado: 228.317      Capacidad: 98.0

Ruta #6: [1, 9, 18, 15, 45, 52, 6, 41, 29]
Costo asociado: 152.6      Capacidad: 92.0

Ruta #7: [1, 24, 23, 51, 39, 10, 13]
Costo asociado: 186.10399999999998      Capacidad: 71.0

--> Costo total: 855.8140000000001          Capacidad total: 616.0

+-+-+-+-+-+-+-+-+-+-+-+-+-+-+-+-+-+-+-+-+-+- Iteracion 854  +-+-+-+-+-+-+-+-+-+-+-+-+-+-+-+-+-+-+-+-+-+-

La solución anterior duró 0min 2seg    -------> Nuevo optimo local. Costo: 855.8140000000001       ==> Optimo: 707.0  Desvio: 21.2%
Lista tabu: [((44,11,6.0),1), ((11,47,2.828),1), ((8,20,40.05),1), ((30,43,2.0),2), ((38,16,4.0),2), ((5,38,8.602),2), ((30,38,2.0),1), ((30,43,2.0),3), ((8,20,40.05),3), ((16,8,1.414),3), ((8,30,5.831),2), ((5,38,8.602),4), ((8,20,40.05),4), ((16,8,1.414),4), ((5,8,11.662),3), ((28,36,6.0),5), ((17,53,2.0),5), ((17,28,2.828),4), ((55,32,6.0),6), ((56,12,4.472),6), ((21,56,4.472),6), ((55,56,5.657),5), ((2,28,3.162),7), ((36,17,4.472),7), ((2,36,7.616),6), ((38,16,4.0),8), ((8,20,40.05),8), ((8,38,5.099),7)]

+-+-+-+-+-+-+-+-+-+-+-+-+-+-+-+-+-+-+-+-+-+- Iteracion 1167  +-+-+-+-+-+-+-+-+-+-+-+-+-+-+-+-+-+-+-+-+-+-


Ruta #1: [1, 2, 53, 28, 36, 17, 48, 40, 27, 22]
Costo asociado: 70.755      Capacidad: 94.0

Ruta #2: [1, 26, 54, 7, 25, 46, 42]
Costo asociado: 34.727000000000004      Capacidad: 88.0

Ruta #3: [1, 49, 37, 33, 50, 34, 14, 4]
Costo asociado: 49.231      Capacidad: 91.0

Ruta #4: [1, 30, 43, 5, 38, 16, 8, 20]
Costo asociado: 134.08      Capacidad: 82.0

Ruta #5: [1, 3, 31, 35, 55, 32, 21, 56, 12, 44, 11, 47, 19]
Costo asociado: 228.317      Capacidad: 98.0

Ruta #6: [1, 9, 18, 15, 45, 52, 6, 41, 29]
Costo asociado: 152.6      Capacidad: 92.0

Ruta #7: [1, 24, 23, 51, 39, 10, 13]
Costo asociado: 186.10399999999998      Capacidad: 71.0

--> Costo total: 849.647          Capacidad total: 616.0

+-+-+-+-+-+-+-+-+-+-+-+-+-+-+-+-+-+-+-+-+-+- Iteracion 1167  +-+-+-+-+-+-+-+-+-+-+-+-+-+-+-+-+-+-+-+-+-+-

La solución anterior duró 0min 5seg    -------> Nuevo optimo local. Costo: 849.647       ==> Optimo: 707.0  Desvio: 21.0%
Lista tabu: [((45,52,0.0),1), ((41,29,5.657),1), ((6,41,5.831),1), ((30,43,2.0),2), ((43,5,9.487),2), ((25,46,2.0),2), ((43,46,2.828),1), ((52,6,7.616),3), ((6,41,5.831),3), ((23,51,0.0),3), ((6,51,13.342),2), ((1,30,17.263),4), ((30,43,2.0),4), ((48,40,4.0),4), ((30,40,7.211),3), ((1,30,17.263),5), ((30,43,2.0),5), ((48,40,4.0),5), ((30,40,7.211),4), ((18,15,4.472),6), ((41,29,5.657),6), ((6,41,5.831),6), ((18,41,6.325),5), ((55,32,6.0),7), ((56,12,4.472),7), ((21,56,4.472),7), ((55,56,5.657),6), ((54,7,1.414),8), ((7,25,1.414),8), ((1,30,17.263),8), ((7,30,4.243),7)]

+-+-+-+-+-+-+-+-+-+-+-+-+-+-+-+-+-+-+-+-+-+- Iteracion 1514  +-+-+-+-+-+-+-+-+-+-+-+-+-+-+-+-+-+-+-+-+-+-


Ruta #1: [1, 2, 53, 28, 36, 17, 48, 40, 27, 22]
Costo asociado: 70.755      Capacidad: 94.0

Ruta #2: [1, 26, 54, 7, 25, 46, 42]
Costo asociado: 34.727000000000004      Capacidad: 88.0

Ruta #3: [1, 49, 37, 33, 50, 34, 14, 4]
Costo asociado: 49.231      Capacidad: 91.0

Ruta #4: [1, 30, 43, 5, 38, 16, 8, 20]
Costo asociado: 134.08      Capacidad: 82.0

Ruta #5: [1, 3, 31, 35, 55, 32, 21, 56, 12, 44, 11, 47, 19]
Costo asociado: 228.317      Capacidad: 98.0

Ruta #6: [1, 9, 18, 15, 45, 52, 41, 29]
Costo asociado: 143.625      Capacidad: 76.0

Ruta #7: [1, 6, 24, 23, 51, 39, 10, 13]
Costo asociado: 188.912      Capacidad: 87.0

--> Costo total: 808.279          Capacidad total: 616.0

+-+-+-+-+-+-+-+-+-+-+-+-+-+-+-+-+-+-+-+-+-+- Iteracion 1514  +-+-+-+-+-+-+-+-+-+-+-+-+-+-+-+-+-+-+-+-+-+-

La solución anterior duró 0min 5seg    -------> Nuevo optimo local. Costo: 808.279       ==> Optimo: 707.0  Desvio: 20.2%
Lista tabu: [((33,50,6.325),1), ((4,1,10.198),1), ((14,4,3.162),1), ((44,11,6.0),2), ((11,47,2.828),2), ((52,41,4.472),2), ((11,41,10.296),1), ((54,7,1.414),3), ((7,25,1.414),3), ((1,30,17.263),3), ((7,30,4.243),2), ((32,21,2.828),4), ((12,44,88.6),4), ((56,12,4.472),4), ((12,32,8.944),3), ((32,21,2.828),5), ((56,12,4.472),5), ((32,56,4.472),4), ((30,43,2.0),6), ((8,20,40.05),6), ((16,8,1.414),6), ((8,30,5.831),5), ((40,27,4.0),7), ((27,22,4.472),7), ((1,30,17.263),7), ((27,30,10.77),6), ((30,43,2.0),8), ((43,5,9.487),8), ((17,48,15.232),8), ((43,48,4.0),7)]

+-+-+-+-+-+-+-+-+-+-+-+-+-+-+-+-+-+-+-+-+-+- Iteracion 1524  +-+-+-+-+-+-+-+-+-+-+-+-+-+-+-+-+-+-+-+-+-+-


Ruta #1: [1, 2, 53, 28, 36, 17, 48, 40, 27, 22]
Costo asociado: 70.755      Capacidad: 94.0

Ruta #2: [1, 26, 54, 7, 25, 46, 42]
Costo asociado: 34.727000000000004      Capacidad: 88.0

Ruta #3: [1, 49, 37, 33, 50, 34, 14, 4]
Costo asociado: 49.231      Capacidad: 91.0

Ruta #4: [1, 30, 43, 5, 38, 16, 8]
Costo asociado: 64.307      Capacidad: 76.0

Ruta #5: [1, 3, 31, 35, 55, 32, 21, 56, 12, 44, 11, 47, 19]
Costo asociado: 228.317      Capacidad: 98.0

Ruta #6: [1, 9, 18, 15, 45, 52, 41, 20, 29]
Costo asociado: 172.02999999999997      Capacidad: 82.0

Ruta #7: [1, 6, 24, 23, 51, 39, 10, 13]
Costo asociado: 188.912      Capacidad: 87.0

--> Costo total: 781.398          Capacidad total: 616.0

+-+-+-+-+-+-+-+-+-+-+-+-+-+-+-+-+-+-+-+-+-+- Iteracion 1524  +-+-+-+-+-+-+-+-+-+-+-+-+-+-+-+-+-+-+-+-+-+-

La solución anterior duró 0min 0seg    -------> Nuevo optimo local. Costo: 781.398       ==> Optimo: 707.0  Desvio: 14.3%
Lista tabu: [((8,20,40.05),4), ((20,1,51.264),4), ((41,29,5.657),4), ((20,29,14.213),2), ((5,38,8.602),1), ((16,8,1.414),1), ((40,27,4.0),2), ((27,22,4.472),2), ((5,38,8.602),2), ((27,38,10.198),1), ((1,26,8.602),3), ((26,54,6.0),3), ((5,38,8.602),3), ((26,38,12.166),2), ((30,43,2.0),4), ((43,5,9.487),4), ((26,54,6.0),4), ((43,54,5.657),3), ((37,33,4.472),5), ((50,34,4.472),5), ((37,50,4.472),4), ((35,55,0.0),6), ((21,56,4.472),6), ((32,21,2.828),6), ((21,35,8.246),5), ((1,6,75.18),7), ((6,24,11.402),7), ((45,52,0.0),7), ((6,52,7.616),6), ((49,37,6.0),8), ((4,1,10.198),8), ((14,4,3.162),8), ((4,49,7.071),7)]

+-+-+-+-+-+-+-+-+-+-+-+-+-+-+-+-+-+-+-+-+-+- Iteracion 1546  +-+-+-+-+-+-+-+-+-+-+-+-+-+-+-+-+-+-+-+-+-+-


Ruta #1: [1, 2, 53, 28, 36, 17, 48, 40, 27, 22]
Costo asociado: 70.755      Capacidad: 94.0

Ruta #2: [1, 26, 54, 7, 25, 46, 42]
Costo asociado: 34.727000000000004      Capacidad: 88.0

Ruta #3: [1, 49, 37, 33, 50, 34, 14, 4]
Costo asociado: 49.231      Capacidad: 91.0

Ruta #4: [1, 30, 43, 5, 38, 16, 8]
Costo asociado: 64.307      Capacidad: 76.0

Ruta #5: [1, 3, 31, 35, 55, 32, 21, 56, 12, 44, 11, 47, 19]
Costo asociado: 228.317      Capacidad: 98.0

Ruta #6: [1, 9, 18, 15, 45, 52, 41, 29, 20]
Costo asociado: 145.14899999999997      Capacidad: 82.0

Ruta #7: [1, 6, 24, 23, 51, 39, 10, 13]
Costo asociado: 188.912      Capacidad: 87.0

--> Costo total: 781.2040000000001          Capacidad total: 616.0

+-+-+-+-+-+-+-+-+-+-+-+-+-+-+-+-+-+-+-+-+-+- Iteracion 1546  +-+-+-+-+-+-+-+-+-+-+-+-+-+-+-+-+-+-+-+-+-+-

La solución anterior duró 0min 0seg    -------> Nuevo optimo local. Costo: 781.2040000000001       ==> Optimo: 707.0  Desvio: 10.5%
Lista tabu: [((48,40,4.0),1), ((27,22,4.472),1), ((17,48,15.232),2), ((48,40,4.0),2), ((26,54,6.0),2), ((48,54,8.944),1), ((25,46,2.0),3), ((42,1,15.297),3), ((25,42,2.0),2), ((1,2,7.211),4), ((28,36,6.0),4), ((53,28,2.0),4), ((1,28,7.071),3), ((54,7,1.414),5), ((46,42,0.0),5), ((25,46,2.0),5), ((46,54,2.828),4), ((49,37,6.0),6), ((14,4,3.162),6), ((34,14,6.0),6), ((14,49,8.944),5), ((37,33,4.472),7), ((4,1,10.198),7), ((14,4,3.162),7), ((4,37,5.099),6), ((33,50,6.325),8), ((34,14,6.0),8), ((33,34,10.0),7)]

+-+-+-+-+-+-+-+-+-+-+-+-+-+-+-+-+-+-+-+-+-+- Iteracion 1565  +-+-+-+-+-+-+-+-+-+-+-+-+-+-+-+-+-+-+-+-+-+-


Ruta #1: [1, 2, 53, 28, 36, 17, 48, 40, 27, 22]
Costo asociado: 70.755      Capacidad: 94.0

Ruta #2: [1, 26, 54, 7, 25, 46, 42]
Costo asociado: 34.727000000000004      Capacidad: 88.0

Ruta #3: [1, 49, 37, 33, 50, 34, 14, 4]
Costo asociado: 49.231      Capacidad: 91.0

Ruta #4: [1, 30, 43, 5, 38, 8, 16]
Costo asociado: 64.11300000000001      Capacidad: 76.0

Ruta #5: [1, 3, 31, 35, 55, 32, 21, 56, 12, 44, 11, 47, 19]
Costo asociado: 228.317      Capacidad: 98.0

Ruta #6: [1, 9, 18, 15, 45, 52, 41, 29, 20]
Costo asociado: 145.14899999999997      Capacidad: 82.0

Ruta #7: [1, 6, 24, 23, 51, 39, 10, 13]
Costo asociado: 188.912      Capacidad: 87.0

--> Costo total: 781.0120000000001          Capacidad total: 616.0

+-+-+-+-+-+-+-+-+-+-+-+-+-+-+-+-+-+-+-+-+-+- Iteracion 1565  +-+-+-+-+-+-+-+-+-+-+-+-+-+-+-+-+-+-+-+-+-+-

La solución anterior duró 0min 0seg    -------> Nuevo optimo local. Costo: 781.0120000000001       ==> Optimo: 707.0  Desvio: 10.5%
Lista tabu: [((18,15,4.472),1), ((52,41,4.472),1), ((45,52,0.0),1), ((44,11,6.0),2), ((11,47,2.828),2), ((52,41,4.472),2), ((11,41,10.296),1), ((44,11,6.0),3), ((11,47,2.828),3), ((18,15,4.472),3), ((11,15,8.602),2), ((54,7,1.414),4), ((42,1,15.297),4), ((46,42,0.0),4), ((42,54,2.828),3), ((24,23,2.0),5), ((13,1,85.428),5), ((10,13,5.831),5), ((13,24,4.0),4), ((53,28,2.0),6), ((17,48,15.232),6), ((36,17,4.472),6), ((17,53,2.0),5), ((24,23,2.0),7), ((39,10,7.071),7), ((51,39,2.0),7), ((24,39,4.0),6), ((24,23,2.0),8), ((10,13,5.831),8), ((39,10,7.071),8), ((10,24,8.602),7)]

+-+-+-+-+-+-+-+-+-+-+-+-+-+-+-+-+-+-+-+-+-+- Iteracion 1737  +-+-+-+-+-+-+-+-+-+-+-+-+-+-+-+-+-+-+-+-+-+-


Ruta #1: [1, 2, 53, 28, 36, 17, 48, 40, 27, 22]
Costo asociado: 70.755      Capacidad: 94.0

Ruta #2: [1, 26, 54, 7, 25, 46, 42]
Costo asociado: 34.727000000000004      Capacidad: 88.0

Ruta #3: [1, 49, 37, 33, 50, 34, 14, 4]
Costo asociado: 49.231      Capacidad: 91.0

Ruta #4: [1, 30, 43, 5, 38, 8, 16]
Costo asociado: 64.11300000000001      Capacidad: 76.0

Ruta #5: [1, 3, 31, 35, 55, 32, 21, 56, 12, 44, 11, 47]
Costo asociado: 227.96699999999998      Capacidad: 91.0

Ruta #6: [1, 9, 18, 15, 45, 52, 41, 29, 19, 20]
Costo asociado: 145.307      Capacidad: 89.0

Ruta #7: [1, 6, 24, 23, 51, 39, 10, 13]
Costo asociado: 188.912      Capacidad: 87.0

--> Costo total: 780.916          Capacidad total: 616.0

+-+-+-+-+-+-+-+-+-+-+-+-+-+-+-+-+-+-+-+-+-+- Iteracion 1737  +-+-+-+-+-+-+-+-+-+-+-+-+-+-+-+-+-+-+-+-+-+-

La solución anterior duró 0min 2seg    -------> Nuevo optimo local. Costo: 780.916       ==> Optimo: 707.0  Desvio: 10.5%
Lista tabu: [((33,50,6.325),1), ((14,4,3.162),1), ((34,14,6.0),1), ((2,53,1.414),2), ((28,36,6.0),2), ((2,28,3.162),1), ((9,18,2.0),3), ((29,19,9.899),3), ((41,29,5.657),3), ((9,29,2.0),2), ((3,31,1.414),4), ((55,32,6.0),4), ((35,55,0.0),4), ((3,55,1.414),3), ((53,28,2.0),5), ((36,17,4.472),5), ((36,53,6.325),4), ((50,34,4.472),6), ((4,1,10.198),6), ((14,4,3.162),6), ((4,50,5.831),5), ((5,38,8.602),7), ((16,1,20.248),7), ((8,16,1.414),7), ((5,16,11.402),6), ((51,39,2.0),8), ((13,1,85.428),8), ((10,13,5.831),8), ((13,51,4.472),7)]

+-+-+-+-+-+-+-+-+-+-+-+-+-+-+-+-+-+-+-+-+-+- Iteracion 1842  +-+-+-+-+-+-+-+-+-+-+-+-+-+-+-+-+-+-+-+-+-+-


Ruta #1: [1, 2, 53, 28, 36, 17, 48, 40, 27, 22]
Costo asociado: 70.755      Capacidad: 94.0

Ruta #2: [1, 26, 54, 7, 25, 46, 42]
Costo asociado: 34.727000000000004      Capacidad: 88.0

Ruta #3: [1, 49, 37, 33, 50, 34, 14, 4]
Costo asociado: 49.231      Capacidad: 91.0

Ruta #4: [1, 30, 43, 38, 5, 8, 16]
Costo asociado: 64.01700000000001      Capacidad: 76.0

Ruta #5: [1, 3, 31, 35, 55, 32, 21, 56, 12, 44, 11, 47]
Costo asociado: 227.96699999999998      Capacidad: 91.0

Ruta #6: [1, 9, 18, 15, 45, 52, 41, 29, 19, 20]
Costo asociado: 145.307      Capacidad: 89.0

Ruta #7: [1, 6, 24, 23, 51, 39, 10, 13]
Costo asociado: 188.912      Capacidad: 87.0

--> Costo total: 778.7570000000001          Capacidad total: 616.0

+-+-+-+-+-+-+-+-+-+-+-+-+-+-+-+-+-+-+-+-+-+- Iteracion 1842  +-+-+-+-+-+-+-+-+-+-+-+-+-+-+-+-+-+-+-+-+-+-

La solución anterior duró 0min 1seg    -------> Nuevo optimo local. Costo: 778.7570000000001       ==> Optimo: 707.0  Desvio: 10.5%
Lista tabu: [((16,8,1.414),1), ((8,5,11.662),1), ((7,25,1.414),1), ((25,46,2.0),1), ((16,8,1.414),2), ((8,5,11.662),2), ((1,42,15.297),2), ((42,46,0.0),2), ((16,42,5.657),1), ((18,15,4.472),3), ((15,45,0.0),3), ((29,19,9.899),3), ((19,20,4.472),3), ((18,19,10.296),2), ((5,8,11.662),4), ((25,46,2.0),4), ((5,46,12.083),3), ((34,14,6.0),5), ((4,1,10.198),5), ((4,34,9.055),4), ((5,8,11.662),6), ((16,1,20.248),6), ((5,16,11.402),5), ((49,37,6.0),7), ((33,50,6.325),7), ((33,49,8.944),6), ((30,43,2.0),8), ((5,8,11.662),8), ((5,30,10.296),7)]

+-+-+-+-+-+-+-+-+-+-+-+-+-+-+-+-+-+-+-+-+-+- Iteracion 1849  +-+-+-+-+-+-+-+-+-+-+-+-+-+-+-+-+-+-+-+-+-+-


Ruta #1: [1, 2, 53, 28, 36, 17, 48, 40, 27, 22]
Costo asociado: 70.755      Capacidad: 94.0

Ruta #2: [1, 26, 54, 7, 25, 46, 42]
Costo asociado: 34.727000000000004      Capacidad: 88.0

Ruta #3: [1, 49, 37, 33, 50, 34, 14, 4]
Costo asociado: 49.231      Capacidad: 91.0

Ruta #4: [1, 30, 43, 38, 5, 8, 16]
Costo asociado: 64.01700000000001      Capacidad: 76.0

Ruta #5: [1, 3, 31, 35, 55, 32, 21, 56, 12, 44, 11, 19, 20]
Costo asociado: 227.267      Capacidad: 84.0

Ruta #6: [1, 9, 18, 15, 45, 52, 41, 29, 47]
Costo asociado: 143.84799999999998      Capacidad: 96.0

Ruta #7: [1, 6, 24, 23, 51, 39, 10, 13]
Costo asociado: 188.912      Capacidad: 87.0

--> Costo total: 778.01          Capacidad total: 616.0

+-+-+-+-+-+-+-+-+-+-+-+-+-+-+-+-+-+-+-+-+-+- Iteracion 1849  +-+-+-+-+-+-+-+-+-+-+-+-+-+-+-+-+-+-+-+-+-+-

La solución anterior duró 0min 0seg    -------> Nuevo optimo local. Costo: 778.01       ==> Optimo: 707.0  Desvio: 10.1%
Lista tabu: [((30,43,2.0),1), ((5,8,11.662),1), ((29,19,9.899),7), ((11,47,2.828),7), ((29,47,4.243),5), ((15,45,0.0),3), ((41,29,5.657),3), ((15,41,4.472),2), ((24,23,2.0),4), ((51,39,2.0),4), ((24,51,2.0),3), ((5,8,11.662),5), ((17,48,15.232),5), ((5,48,9.055),4), ((5,8,11.662),6), ((16,1,20.248),6), ((5,16,11.402),5), ((26,54,6.0),7), ((42,1,15.297),7), ((26,42,8.246),6), ((43,38,2.828),8), ((8,16,1.414),8), ((8,43,7.616),7)]

+-+-+-+-+-+-+-+-+-+-+-+-+-+-+-+-+-+-+-+-+-+- Iteracion 1891  +-+-+-+-+-+-+-+-+-+-+-+-+-+-+-+-+-+-+-+-+-+-


Ruta #1: [1, 2, 53, 28, 36, 17, 48, 40, 27, 22]
Costo asociado: 70.755      Capacidad: 94.0

Ruta #2: [1, 26, 54, 7, 25, 46, 42]
Costo asociado: 34.727000000000004      Capacidad: 88.0

Ruta #3: [1, 49, 37, 33, 50, 34, 14, 4]
Costo asociado: 49.231      Capacidad: 91.0

Ruta #4: [1, 30, 16, 8, 5, 38, 43]
Costo asociado: 63.27000000000001      Capacidad: 76.0

Ruta #5: [1, 3, 31, 35, 55, 32, 21, 56, 12, 44, 11, 19, 20]
Costo asociado: 227.267      Capacidad: 84.0

Ruta #6: [1, 9, 18, 15, 45, 52, 41, 29, 47]
Costo asociado: 143.84799999999998      Capacidad: 96.0

Ruta #7: [1, 6, 24, 23, 51, 39, 10, 13]
Costo asociado: 188.912      Capacidad: 87.0

--> Costo total: 775.999          Capacidad total: 616.0

+-+-+-+-+-+-+-+-+-+-+-+-+-+-+-+-+-+-+-+-+-+- Iteracion 1891  +-+-+-+-+-+-+-+-+-+-+-+-+-+-+-+-+-+-+-+-+-+-

La solución anterior duró 0min 0seg    -------> Nuevo optimo local. Costo: 775.999       ==> Optimo: 707.0  Desvio: 10.0%
Lista tabu: [((9,18,2.0),1), ((41,29,5.657),1), ((39,10,7.071),2), ((13,1,85.428),2), ((13,39,5.657),1), ((1,2,7.211),3), ((17,48,15.232),3), ((1,17,9.487),2), ((35,55,0.0),4), ((56,12,4.472),4), ((35,56,5.657),3), ((44,11,6.0),5), ((29,47,4.243),5), ((44,47,8.246),4), ((37,33,4.472),6), ((14,4,3.162),6), ((14,37,4.472),5), ((7,25,1.414),7), ((42,1,15.297),7), ((7,42,3.162),6), ((29,47,4.243),8), ((12,44,88.6),8), ((29,44,11.045),7)]

+-+-+-+-+-+-+-+-+-+-+-+-+-+-+-+-+-+-+-+-+-+- Iteracion 2079  +-+-+-+-+-+-+-+-+-+-+-+-+-+-+-+-+-+-+-+-+-+-


Ruta #1: [1, 2, 53, 28, 36, 17, 48, 40, 27, 22]
Costo asociado: 70.755      Capacidad: 94.0

Ruta #2: [1, 26, 54, 7, 25, 46, 42]
Costo asociado: 34.727000000000004      Capacidad: 88.0

Ruta #3: [1, 49, 37, 33, 50, 34, 14, 4]
Costo asociado: 49.231      Capacidad: 91.0

Ruta #4: [1, 30, 16, 8, 5, 38, 43]
Costo asociado: 63.27000000000001      Capacidad: 76.0

Ruta #5: [1, 3, 31, 35, 55, 32, 21, 56, 12, 44, 11, 19, 20]
Costo asociado: 227.267      Capacidad: 84.0

Ruta #6: [1, 9, 18, 15, 45, 52, 41, 29, 47]
Costo asociado: 143.84799999999998      Capacidad: 96.0

Ruta #7: [1, 6, 13, 10, 39, 51, 23, 24]
Costo asociado: 186.901      Capacidad: 87.0

--> Costo total: 774.8209999999999          Capacidad total: 616.0

+-+-+-+-+-+-+-+-+-+-+-+-+-+-+-+-+-+-+-+-+-+- Iteracion 2079  +-+-+-+-+-+-+-+-+-+-+-+-+-+-+-+-+-+-+-+-+-+-

La solución anterior duró 0min 2seg    -------> Nuevo optimo local. Costo: 774.8209999999999       ==> Optimo: 707.0  Desvio: 9.8%
Lista tabu: [((6,13,11.045),1), ((9,18,2.0),1), ((16,8,1.414),2), ((26,54,6.0),2), ((16,54,6.325),1), ((51,23,0.0),3), ((24,1,83.774),3), ((24,51,2.0),2), ((40,27,4.0),4), ((46,42,0.0),4), ((40,42,8.485),3), ((31,35,0.0),5), ((55,32,6.0),5), ((31,55,0.0),4), ((15,45,0.0),6), ((29,47,4.243),6), ((15,29,6.0),5), ((25,46,2.0),7), ((5,38,8.602),7), ((25,38,4.472),6), ((5,38,8.602),8), ((46,42,0.0),8), ((5,42,12.083),7)]

+-+-+-+-+-+-+-+-+-+-+-+-+-+-+-+-+-+-+-+-+-+- Iteracion 2093  +-+-+-+-+-+-+-+-+-+-+-+-+-+-+-+-+-+-+-+-+-+-


Ruta #1: [1, 2, 53, 28, 36, 17, 48, 38, 43]
Costo asociado: 62.51100000000001      Capacidad: 83.0

Ruta #2: [1, 26, 54, 7, 25, 46, 42]
Costo asociado: 34.727000000000004      Capacidad: 88.0

Ruta #3: [1, 49, 37, 33, 50, 34, 14, 4]
Costo asociado: 49.231      Capacidad: 91.0

Ruta #4: [1, 30, 16, 8, 5, 40, 27, 22]
Costo asociado: 70.33600000000001      Capacidad: 87.0

Ruta #5: [1, 3, 31, 35, 55, 32, 21, 56, 12, 44, 11, 19, 20]
Costo asociado: 227.267      Capacidad: 84.0

Ruta #6: [1, 9, 18, 15, 45, 52, 41, 29, 47]
Costo asociado: 143.84799999999998      Capacidad: 96.0

Ruta #7: [1, 6, 13, 10, 39, 51, 23, 24]
Costo asociado: 186.901      Capacidad: 87.0

--> Costo total: 774.702          Capacidad total: 616.0

+-+-+-+-+-+-+-+-+-+-+-+-+-+-+-+-+-+-+-+-+-+- Iteracion 2093  +-+-+-+-+-+-+-+-+-+-+-+-+-+-+-+-+-+-+-+-+-+-

La solución anterior duró 0min 0seg    -------> Nuevo optimo local. Costo: 774.702       ==> Optimo: 707.0  Desvio: 9.6%
Lista tabu: [((40,27,4.0),1), ((46,42,0.0),1), ((26,54,6.0),2), ((7,25,1.414),2), ((7,26,7.071),1), ((40,27,4.0),3), ((17,48,15.232),3), ((40,48,4.0),2), ((35,55,0.0),4), ((32,21,2.828),4), ((32,35,6.0),3), ((7,25,1.414),5), ((42,1,15.297),5), ((7,42,3.162),4), ((45,52,0.0),6), ((29,47,4.243),6), ((29,45,6.0),5), ((1,2,7.211),7), ((17,48,15.232),7), ((1,17,9.487),6), ((22,1,21.954),8), ((38,43,2.828),8), ((22,43,12.166),7)]

+-+-+-+-+-+-+-+-+-+-+-+-+-+-+-+-+-+-+-+-+-+- Iteracion 2313  +-+-+-+-+-+-+-+-+-+-+-+-+-+-+-+-+-+-+-+-+-+-


Ruta #1: [1, 2, 53, 28, 36, 17, 48, 43, 38]
Costo asociado: 62.392      Capacidad: 83.0

Ruta #2: [1, 26, 54, 7, 25, 46, 42]
Costo asociado: 34.727000000000004      Capacidad: 88.0

Ruta #3: [1, 49, 37, 33, 50, 34, 14, 4]
Costo asociado: 49.231      Capacidad: 91.0

Ruta #4: [1, 30, 16, 8, 5, 40, 27, 22]
Costo asociado: 70.33600000000001      Capacidad: 87.0

Ruta #5: [1, 3, 31, 35, 55, 32, 21, 56, 12, 44, 11, 19, 20]
Costo asociado: 227.267      Capacidad: 84.0

Ruta #6: [1, 9, 18, 15, 45, 52, 41, 29, 47]
Costo asociado: 143.84799999999998      Capacidad: 96.0

Ruta #7: [1, 6, 13, 10, 39, 51, 23, 24]
Costo asociado: 186.901      Capacidad: 87.0

--> Costo total: 773.2720000000002          Capacidad total: 616.0

+-+-+-+-+-+-+-+-+-+-+-+-+-+-+-+-+-+-+-+-+-+- Iteracion 2313  +-+-+-+-+-+-+-+-+-+-+-+-+-+-+-+-+-+-+-+-+-+-

La solución anterior duró 0min 3seg    -------> Nuevo optimo local. Costo: 773.2720000000002       ==> Optimo: 707.0  Desvio: 9.6%
Lista tabu: [((55,32,6.0),1), ((56,12,4.472),1), ((21,56,4.472),1), ((1,30,17.263),2), ((30,16,4.472),2), ((25,46,2.0),2), ((30,46,2.0),1), ((44,11,6.0),3), ((11,19,6.325),3), ((18,15,4.472),3), ((11,15,8.602),2), ((25,46,2.0),4), ((42,1,15.297),4), ((25,42,2.0),3), ((54,7,1.414),5), ((7,25,1.414),5), ((43,38,2.828),5), ((7,38,5.831),4), ((54,7,1.414),6), ((46,42,0.0),6), ((25,46,2.0),6), ((46,54,2.828),5), ((3,31,1.414),7), ((21,56,4.472),7), ((32,21,2.828),7), ((3,21,9.487),6), ((54,7,1.414),8), ((7,25,1.414),8), ((5,40,5.099),8), ((7,40,11.402),7)]

+-+-+-+-+-+-+-+-+-+-+-+-+-+-+-+-+-+- Solucion Optima +-+-+-+-+-+-+-+-+-+-+-+-+-+-+-+-+-+-

Ruta #1: [1, 2, 53, 28, 36, 17, 48, 43, 38]
Costo asociado: 62.392      Capacidad: 83.0

Ruta #2: [1, 26, 54, 7, 25, 46, 42]
Costo asociado: 34.727000000000004      Capacidad: 88.0

Ruta #3: [1, 49, 37, 33, 50, 34, 14, 4]
Costo asociado: 49.231      Capacidad: 91.0

Ruta #4: [1, 30, 16, 8, 5, 40, 27, 22]
Costo asociado: 70.33600000000001      Capacidad: 87.0

Ruta #5: [1, 3, 31, 35, 55, 32, 21, 56, 12, 44, 19, 20]
Costo asociado: 222.15300000000002      Capacidad: 82.0

Ruta #6: [1, 9, 18, 15, 45, 52, 41, 29, 11, 47]
Costo asociado: 147.53199999999998      Capacidad: 98.0

Ruta #7: [1, 6, 13, 10, 39, 51, 23, 24]
Costo asociado: 186.901      Capacidad: 87.0


Costo total:  773.2720000000002        Optimo real:  707.0      Desviación: 9.4%

Cantidad de iteraciones: 2695
Nro de vehiculos: 7
Capacidad Maxima/Vehiculo: 100.0
Tiempo total: 1min 0seg
Tiempo de estancamiento: 0min 5seg
