+-+-+-+-+-+-+-+-+-+-+-+-+-+-+ GRAFO CARGADO +-+-+-+-+-+-+-+-+-+-+-+-+-+-+-
        1         2         3         4         5         6         7         8         9         10        11        12        13        14        15        16        17        18        19        20        21        22        23        24        25        26        27        28        29        30        31        32
1     999999999999.0    34.928    77.878    75.584    97.581    54.571    51.884    37.054    85.604    88.142    79.228    101.415    28.844    51.039    27.019    81.744    25.71    74.545    76.844    73.824    36.235    64.031    84.172    78.032    25.239    75.961    21.095    25.962    84.865    62.29    16.279    72.78    
2     34.928    999999999999.0    60.308    59.203    90.874    80.709    40.497    13.0    84.404    94.133    100.464    97.144    8.246    22.472    38.079    97.293    10.63    42.297    77.929    41.11    67.209    30.067    91.022    64.351    39.357    101.872    19.416    46.325    78.549    80.324    19.416    39.051    
3     77.878    60.308    999999999999.0    3.162    37.054    86.585    26.249    48.083    40.706    58.822    90.211    45.277    67.179    39.446    55.109    77.466    59.666    41.11    41.11    43.046    88.0    48.836    58.258    8.944    58.052    100.722    58.31    64.382    28.792    71.589    65.192    48.0    
4     75.584    59.203    3.162    999999999999.0    36.014    83.433    23.77    46.755    38.484    56.303    87.132    44.045    65.856    38.91    52.393    74.518    58.052    42.426    38.419    44.283    85.006    49.366    55.606    7.071    55.317    97.576    56.303    61.522    26.926    68.447    63.246    49.092    
5     97.581    90.874    37.054    36.014    999999999999.0    83.546    50.537    77.878    17.029    33.838    75.664    8.544    96.177    73.246    70.767    59.228    86.954    78.16    25.71    80.1    93.622    85.288    35.903    29.069    73.0    90.089    82.42    76.026    12.806    63.388    89.404    85.024    
6     54.571    80.709    86.585    83.433    83.546    999999999999.0    65.742    74.33    66.708    56.824    26.926    82.565    78.294    84.386    43.863    36.878    70.178    106.832    57.871    107.201    21.378    101.912    52.773    81.049    41.869    21.541    61.294    34.409    74.243    21.024    63.063    108.706    
7     51.884    40.497    26.249    23.77    50.537    65.742    999999999999.0    27.514    44.407    56.719    75.69    56.648    45.651    26.476    29.155    66.888    36.62    43.278    39.051    44.204    63.506    43.081    54.342    26.401    32.14    83.006    33.302    39.013    38.079    55.172    40.361    47.17    
8     37.054    13.0    48.083    46.755    77.878    74.33    27.514    999999999999.0    71.589    82.0    91.706    84.155    19.105    14.0    30.48    86.977    12.649    37.656    65.376    37.108    63.812    28.653    79.057    51.614    32.527    94.81    16.492    40.361    65.552    71.113    21.024    36.77    
9     85.604    84.404    40.706    38.484    17.029    66.708    44.407    71.589    999999999999.0    19.209    59.034    16.643    88.544    70.007    58.6    43.012    78.772    80.081    9.434    81.744    77.827    84.593    20.125    31.765    60.44    73.171    72.918    62.241    12.728    46.39    79.605    86.122    
10    88.142    94.133    58.822    56.303    33.838    56.824    56.719    82.0    19.209    999999999999.0    43.012    29.155    96.876    83.187    62.298    26.019    86.833    96.385    18.385    97.862    72.25    99.202    4.243    50.0    63.325    58.421    79.624    62.65    31.89    35.847    85.615    101.843    
11    79.228    100.464    90.211    87.132    75.664    26.926    75.69    91.706    59.034    43.012    999999999999.0    72.028    99.624    99.045    62.394    17.117    90.477    118.929    52.498    119.754    48.27    116.829    40.05    82.765    61.351    16.155    81.597    55.543    69.921    20.809    84.9    122.287    
12    101.415    97.144    45.277    44.045    8.544    82.565    56.648    84.155    16.643    29.155    72.028    999999999999.0    102.044    80.411    74.411    55.145    92.574    86.371    26.077    88.278    94.414    93.086    32.0    37.014    76.42    87.092    87.464    78.645    18.682    61.847    94.34    93.134    
13    28.844    8.246    67.179    65.856    96.177    78.294    45.651    19.105    88.544    96.876    99.624    102.044    999999999999.0    30.414    37.656    97.867    10.05    50.488    81.492    49.254    63.127    38.0    93.536    70.605    38.328    99.73    18.248    44.385    83.63    80.05    15.264    47.0    
14    51.039    22.472    39.446    38.91    73.246    84.386    26.476    14.0    70.007    83.187    99.045    80.411    30.414    999999999999.0    41.049    92.136    26.306    24.042    65.376    23.77    76.026    17.804    80.808    44.944    43.566    103.966    30.265    51.624    61.814    78.237    35.014    24.413    
15    27.019    38.079    55.109    52.393    70.767    43.863    29.155    30.48    58.6    62.298    62.394    74.411    37.656    41.049    999999999999.0    60.299    28.16    64.413    49.93    64.498    35.735    58.258    58.523    53.488    3.0    64.405    19.416    10.77    58.138    42.45    24.021    65.46    
16    81.744    97.293    77.466    74.518    59.228    36.878    66.888    86.977    43.012    26.019    17.117    55.145    97.867    92.136    60.299    999999999999.0    88.119    109.859    37.59    110.941    56.436    109.59    23.345    69.405    60.075    32.985    79.63    56.143    54.626    19.647    84.149    114.057    
17    25.71    10.63    59.666    58.052    86.954    70.178    36.62    12.649    78.772    86.833    90.477    92.574    10.05    26.306    28.16    88.119    999999999999.0    49.092    71.568    48.26    56.639    38.328    83.487    62.29    29.155    91.417    8.944    35.847    74.303    70.605    9.487    47.074    
18    74.545    42.297    41.11    42.426    78.16    106.832    43.278    37.656    80.081    96.385    118.929    86.371    50.488    24.042    64.413    109.859    49.092    999999999999.0    78.0    2.236    99.81    13.892    94.847    49.497    67.082    125.495    54.129    75.133    69.231    98.311    58.31    7.616    
19    76.844    77.929    41.11    38.419    25.71    57.871    39.051    65.376    9.434    18.385    52.498    26.077    81.492    65.376    49.93    37.59    71.568    78.0    999999999999.0    79.48    68.425    81.025    17.205    32.527    51.614    65.765    65.192    53.038    17.464    38.013    71.694    83.487    
20    73.824    41.11    43.046    44.283    80.1    107.201    44.204    37.108    81.744    97.862    119.754    88.278    49.254    23.77    64.498    110.941    48.26    2.236    79.48    999999999999.0    99.745    12.083    96.255    51.352    67.119    126.063    53.6    75.18    71.021    99.086    57.559    5.385    
21    36.235    67.209    88.0    85.006    93.622    21.378    63.506    63.812    77.827    72.25    48.27    94.414    63.127    76.026    35.735    56.436    56.639    99.81    68.425    99.745    999999999999.0    92.439    68.015    84.38    32.894    41.195    48.415    25.0    82.541    37.802    48.104    100.24    
22    64.031    30.067    48.836    49.366    85.288    101.912    43.081    28.653    84.593    99.202    116.829    93.086    38.0    17.804    58.258    109.59    38.328    13.892    81.025    12.083    92.439    999999999999.0    97.124    56.223    60.605    121.696    44.777    68.6    75.007    96.021    47.802    9.0    
23    84.172    91.022    58.258    55.606    35.903    52.773    54.342    79.057    20.125    4.243    40.05    32.0    93.536    80.808    58.523    23.345    83.487    94.847    17.205    96.255    68.015    97.124    999999999999.0    49.578    59.464    55.145    76.118    58.592    32.45    31.765    82.0    100.09    
24    78.032    64.351    8.944    7.071    29.069    81.049    26.401    51.614    31.765    50.0    82.765    37.014    70.605    44.944    53.488    69.405    62.29    49.497    32.527    51.352    84.38    56.223    49.578    999999999999.0    56.303    93.984    59.666    61.847    19.925    64.846    66.708    56.143    
25    25.239    39.357    58.052    55.317    73.0    41.869    32.14    32.527    60.44    63.325    61.351    76.42    38.328    43.566    3.0    60.075    29.155    67.082    51.614    67.119    32.894    60.605    59.464    56.303    999999999999.0    62.682    20.248    8.062    60.44    41.773    24.083    67.956    
26    75.961    101.872    100.722    97.576    90.089    21.541    83.006    94.81    73.171    58.421    16.155    87.092    99.73    103.966    64.405    32.985    91.417    125.495    65.765    126.063    41.195    121.696    55.145    93.984    62.682    999999999999.0    82.492    55.57    83.187    29.155    84.528    128.004    
27    21.095    19.416    58.31    56.303    82.42    61.294    33.302    16.492    72.918    79.624    81.597    87.464    18.248    30.265    19.416    79.63    8.944    54.129    65.192    53.6    48.415    44.777    76.118    59.666    20.248    82.492    999999999999.0    26.926    69.635    61.847    7.071    53.141    
28    25.962    46.325    64.382    61.522    76.026    34.409    39.013    40.361    62.241    62.65    55.543    78.645    44.385    51.624    10.77    56.143    35.847    75.133    53.038    75.18    25.0    68.6    58.592    61.847    8.062    55.57    26.926    999999999999.0    63.812    37.014    29.411    76.007    
29    84.865    78.549    28.792    26.926    12.806    74.243    38.079    65.552    12.728    31.89    69.921    18.682    83.63    61.814    58.138    54.626    74.303    69.231    17.464    71.021    82.541    75.007    32.45    19.925    60.44    83.187    69.635    63.812    999999999999.0    55.082    76.609    75.664    
30    62.29    80.324    71.589    68.447    63.388    21.024    55.172    71.113    46.39    35.847    20.809    61.847    80.05    78.237    42.45    19.647    70.605    98.311    38.013    99.086    37.802    96.021    31.765    64.846    41.773    29.155    61.847    37.014    55.082    999999999999.0    65.765    101.533    
31    16.279    19.416    65.192    63.246    89.404    63.063    40.361    21.024    79.605    85.615    84.9    94.34    15.264    35.014    24.021    84.149    9.487    58.31    71.694    57.559    48.104    47.802    82.0    66.708    24.083    84.528    7.071    29.411    76.609    65.765    999999999999.0    56.515    
32    72.78    39.051    48.0    49.092    85.024    108.706    47.17    36.77    86.122    101.843    122.287    93.134    47.0    24.413    65.46    114.057    47.074    7.616    83.487    5.385    100.24    9.0    100.09    56.143    67.956    128.004    53.141    76.007    75.664    101.533    56.515    999999999999.0    


Demandas:
1: 0.0
2: 19.0
3: 21.0
4: 6.0
5: 19.0
6: 7.0
7: 12.0
8: 16.0
9: 6.0
10: 16.0
11: 8.0
12: 14.0
13: 21.0
14: 16.0
15: 3.0
16: 22.0
17: 18.0
18: 19.0
19: 1.0
20: 24.0
21: 8.0
22: 12.0
23: 4.0
24: 8.0
25: 24.0
26: 24.0
27: 2.0
28: 20.0
29: 15.0
30: 2.0
31: 14.0
32: 9.0
+-+-+-+-+-+-+-+-+-+-+-+-+-+-+-+ SOLUCION INICIAL +-+-+-+-+-+-+-+-+-+-+-+-+-+-+-+-

+-+-+-+-+-+-+-+-+-+-+-+-+-+-+-+-+-+-+-+-+-+-+-+-+- Iteracion 1  +-+-+-+-+-+-+-+-+-+-+-+-+-+-+-+-+-+-+-+-+-+-+-+-+-


La solución anterior duró 0min 0seg    -------> Nuevo optimo local. Costo: 963.602       ==> Optimo: 784.0  Desvio: 22.900000000000002%
Lista tabu: []

+-+-+-+-+-+-+-+-+-+-+-+-+-+-+-+-+-+-+-+-+-+-+-+-+- Iteracion 4  +-+-+-+-+-+-+-+-+-+-+-+-+-+-+-+-+-+-+-+-+-+-+-+-+-


La solución anterior duró 0min 0seg    -------> Nuevo optimo local. Costo: 935.679       ==> Optimo: 784.0  Desvio: 19.3%
Lista tabu: [((19,29,17.464),4), ((5,15,70.767),4), ((1,5,97.581),4), ((19,5,25.71),3), ((24,4,7.071),3), ((4,18,42.426),3), ((7,19,39.051),3), ((4,7,23.77),2), ((24,4,7.071),4), ((4,18,42.426),4), ((7,19,39.051),4), ((4,7,23.77),3)]

+-+-+-+-+-+-+-+-+-+-+-+-+-+-+-+-+-+-+-+-+-+-+-+-+- Iteracion 5  +-+-+-+-+-+-+-+-+-+-+-+-+-+-+-+-+-+-+-+-+-+-+-+-+-


La solución anterior duró 0min 0seg    -------> Nuevo optimo local. Costo: 934.327       ==> Optimo: 784.0  Desvio: 19.2%
Lista tabu: [((19,29,17.464),3), ((5,15,70.767),3), ((1,5,97.581),3), ((19,5,25.71),2), ((24,4,7.071),2), ((4,18,42.426),2), ((7,19,39.051),2), ((4,7,23.77),1), ((24,4,7.071),3), ((4,18,42.426),3), ((7,19,39.051),3), ((4,7,23.77),2), ((14,2,22.472),6), ((8,27,16.492),6), ((1,8,37.054),6), ((8,2,13.0),5)]

+-+-+-+-+-+-+-+-+-+-+-+-+-+-+-+-+-+-+-+-+-+-+-+-+- Iteracion 6  +-+-+-+-+-+-+-+-+-+-+-+-+-+-+-+-+-+-+-+-+-+-+-+-+-


La solución anterior duró 0min 0seg    -------> Nuevo optimo local. Costo: 929.376       ==> Optimo: 784.0  Desvio: 18.5%
Lista tabu: [((19,29,17.464),2), ((5,15,70.767),2), ((1,5,97.581),2), ((19,5,25.71),1), ((24,4,7.071),1), ((4,18,42.426),1), ((7,19,39.051),1), ((24,4,7.071),2), ((4,18,42.426),2), ((7,19,39.051),2), ((4,7,23.77),1), ((14,2,22.472),5), ((8,27,16.492),5), ((1,8,37.054),5), ((8,2,13.0),4), ((1,15,27.019),6), ((15,7,29.155),6), ((25,31,24.083),6), ((15,31,24.021),5)]

+-+-+-+-+-+-+-+-+-+-+-+-+-+-+-+-+-+-+-+-+-+-+-+-+- Iteracion 7  +-+-+-+-+-+-+-+-+-+-+-+-+-+-+-+-+-+-+-+-+-+-+-+-+-


La solución anterior duró 0min 0seg    -------> Nuevo optimo local. Costo: 908.081       ==> Optimo: 784.0  Desvio: 15.8%
Lista tabu: [((19,29,17.464),1), ((5,15,70.767),1), ((1,5,97.581),1), ((24,4,7.071),1), ((4,18,42.426),1), ((7,19,39.051),1), ((14,2,22.472),4), ((8,27,16.492),4), ((1,8,37.054),4), ((8,2,13.0),3), ((1,15,27.019),5), ((15,7,29.155),5), ((25,31,24.083),5), ((15,31,24.021),4), ((16,30,19.647),6), ((11,26,16.155),6), ((21,11,48.27),6), ((30,11,20.809),5)]

+-+-+-+-+-+-+-+-+-+-+-+-+-+-+-+-+-+-+-+-+-+-+-+-+- Iteracion 9  +-+-+-+-+-+-+-+-+-+-+-+-+-+-+-+-+-+-+-+-+-+-+-+-+-


La solución anterior duró 0min 0seg    -------> Nuevo optimo local. Costo: 887.213       ==> Optimo: 784.0  Desvio: 13.200000000000001%
Lista tabu: [((14,2,22.472),2), ((8,27,16.492),2), ((1,8,37.054),2), ((8,2,13.0),1), ((1,15,27.019),3), ((15,7,29.155),3), ((25,31,24.083),3), ((15,31,24.021),2), ((16,30,19.647),4), ((11,26,16.155),4), ((21,11,48.27),4), ((30,11,20.809),3), ((30,28,37.014),5), ((6,21,21.378),5), ((1,6,54.571),5), ((6,30,21.024),4), ((10,23,4.243),4), ((23,1,84.172),4), ((26,16,32.985),4), ((16,23,23.345),3)]

+-+-+-+-+-+-+-+-+-+-+-+-+-+-+-+-+-+-+-+-+-+-+-+-+- Iteracion 11  +-+-+-+-+-+-+-+-+-+-+-+-+-+-+-+-+-+-+-+-+-+-+-+-+-


La solución anterior duró 0min 0seg    -------> Nuevo optimo local. Costo: 882.866       ==> Optimo: 784.0  Desvio: 12.6%
Lista tabu: [((1,15,27.019),1), ((15,7,29.155),1), ((25,31,24.083),1), ((16,30,19.647),2), ((11,26,16.155),2), ((21,11,48.27),2), ((30,11,20.809),1), ((30,28,37.014),3), ((6,21,21.378),3), ((1,6,54.571),3), ((6,30,21.024),2), ((10,23,4.243),2), ((23,1,84.172),2), ((26,16,32.985),2), ((16,23,23.345),1), ((21,26,41.195),5), ((26,16,32.985),5), ((11,30,20.809),5), ((30,6,21.024),5), ((26,6,21.541),4), ((17,14,26.306),4), ((2,13,8.246),4), ((8,2,13.0),4), ((2,17,10.63),3)]

+-+-+-+-+-+-+-+-+-+-+-+-+-+-+-+-+-+-+-+-+-+-+-+-+- Iteracion 13  +-+-+-+-+-+-+-+-+-+-+-+-+-+-+-+-+-+-+-+-+-+-+-+-+-


La solución anterior duró 0min 0seg    -------> Nuevo optimo local. Costo: 869.047       ==> Optimo: 784.0  Desvio: 10.8%
Lista tabu: [((30,28,37.014),1), ((6,21,21.378),1), ((1,6,54.571),1), ((21,26,41.195),3), ((26,16,32.985),3), ((11,30,20.809),3), ((30,6,21.024),3), ((26,6,21.541),2), ((17,14,26.306),2), ((2,13,8.246),2), ((8,2,13.0),2), ((2,17,10.63),1), ((23,1,84.172),5), ((19,5,25.71),5), ((7,19,39.051),5), ((19,23,17.205),4), ((27,17,8.944),4), ((8,2,13.0),4), ((14,8,14.0),4), ((8,27,16.492),3)]

+-+-+-+-+-+-+-+-+-+-+-+-+-+-+-+-+-+-+-+-+-+-+-+-+- Iteracion 21  +-+-+-+-+-+-+-+-+-+-+-+-+-+-+-+-+-+-+-+-+-+-+-+-+-


La solución anterior duró 0min 0seg    -------> Nuevo optimo local. Costo: 867.78       ==> Optimo: 784.0  Desvio: 10.7%
Lista tabu: [((24,4,7.071),1), ((4,18,42.426),1), ((7,5,50.537),1), ((13,1,28.844),2), ((27,17,8.944),2), ((1,27,21.095),2), ((27,13,18.248),1), ((2,13,8.246),3), ((13,1,28.844),3), ((31,1,16.279),3), ((13,31,15.264),2), ((1,28,25.962),4), ((28,30,37.014),4), ((1,25,25.239),4), ((25,28,8.062),3)]

+-+-+-+-+-+-+-+-+-+-+-+-+-+-+-+-+-+-+-+-+-+-+-+-+- Iteracion 23  +-+-+-+-+-+-+-+-+-+-+-+-+-+-+-+-+-+-+-+-+-+-+-+-+-


La solución anterior duró 0min 0seg    -------> Nuevo optimo local. Costo: 865.917       ==> Optimo: 784.0  Desvio: 10.4%
Lista tabu: [((2,13,8.246),1), ((13,1,28.844),1), ((31,1,16.279),1), ((1,28,25.962),2), ((28,30,37.014),2), ((1,25,25.239),2), ((25,28,8.062),1), ((9,10,19.209),5), ((19,1,76.844),5), ((23,19,17.205),5), ((19,9,9.434),4), ((14,8,14.0),4), ((8,2,13.0),4), ((4,18,42.426),4), ((18,20,2.236),4), ((14,18,24.042),3)]

+-+-+-+-+-+-+-+-+-+-+-+-+-+-+-+-+-+-+-+-+-+-+-+-+- Iteracion 53  +-+-+-+-+-+-+-+-+-+-+-+-+-+-+-+-+-+-+-+-+-+-+-+-+-


La solución anterior duró 0min 0seg    -------> Nuevo optimo local. Costo: 849.583       ==> Optimo: 784.0  Desvio: 8.4%
Lista tabu: [((1,17,25.71),1), ((17,14,26.306),1), ((27,31,7.071),1), ((15,27,19.416),2), ((27,31,7.071),2), ((8,2,13.0),2), ((8,27,16.492),1), ((3,24,8.944),3), ((24,4,7.071),3), ((5,29,12.806),3), ((24,29,19.925),2), ((2,13,8.246),4), ((13,1,28.844),4), ((27,31,7.071),4), ((13,31,15.264),3)]

+-+-+-+-+-+-+-+-+-+-+-+-+-+-+-+-+-+-+-+-+-+-+-+-+- Iteracion 75  +-+-+-+-+-+-+-+-+-+-+-+-+-+-+-+-+-+-+-+-+-+-+-+-+-


La solución anterior duró 0min 0seg    -------> Nuevo optimo local. Costo: 844.977       ==> Optimo: 784.0  Desvio: 7.8%
Lista tabu: [((13,1,28.844),1), ((17,14,26.306),1), ((1,17,25.71),1), ((28,30,37.014),2), ((6,21,21.378),2), ((26,6,21.541),2), ((30,6,21.024),1), ((23,1,84.172),3), ((9,19,9.434),3), ((5,9,17.029),3), ((23,9,20.125),2), ((15,27,19.416),4), ((27,31,7.071),4), ((13,1,28.844),4), ((27,13,18.248),3)]

+-+-+-+-+-+-+-+-+-+-+-+-+-+-+-+-+-+-+-+-+-+-+-+-+- Iteracion 1784  +-+-+-+-+-+-+-+-+-+-+-+-+-+-+-+-+-+-+-+-+-+-+-+-+-


La solución anterior duró 0min 2seg    -------> Nuevo optimo local. Costo: 844.977       ==> Optimo: 784.0  Desvio: 7.8%
Lista tabu: [((14,8,14.0),1), ((8,2,13.0),1), ((15,31,24.021),1), ((2,13,8.246),2), ((13,1,28.844),2), ((31,1,16.279),2), ((13,31,15.264),1), ((27,17,8.944),3), ((17,14,26.306),3), ((1,25,25.239),3), ((17,25,29.155),2), ((21,1,36.235),4), ((28,30,37.014),4), ((1,28,25.962),4), ((28,21,25.0),3)]

+-+-+-+-+-+-+-+-+-+-+-+-+-+-+-+-+-+-+-+-+-+-+-+-+- Iteracion 3588  +-+-+-+-+-+-+-+-+-+-+-+-+-+-+-+-+-+-+-+-+-+-+-+-+-


+-+-+-+-+-+-+-+-+-+-+-+-+-+-+-+-+-+-+-+-+-+-+-+-+- Iteracion 3588  +-+-+-+-+-+-+-+-+-+-+-+-+-+-+-+-+-+-+-+-+-+-+-+-+-

Solucion peor. Costo: 859.018
Lista tabu: [((1,28,25.962),1), ((28,30,37.014),1), ((15,27,19.416),1), ((3,4,3.162),2), ((4,18,42.426),2), ((7,24,26.401),2), ((24,29,19.925),2), ((4,29,26.926),1), ((24,29,19.925),3), ((29,12,18.682),3), ((5,9,17.029),3), ((9,19,9.434),3), ((29,19,17.464),2), ((31,1,16.279),4), ((15,28,10.77),4), ((25,15,3.0),4), ((31,15,24.021),3)]

+-+-+-+-+-+-+-+-+-+-+-+-+-+-+-+-+-+-+-+-+-+-+-+-+- Iteracion 3590  +-+-+-+-+-+-+-+-+-+-+-+-+-+-+-+-+-+-+-+-+-+-+-+-+-


+-+-+-+-+-+-+-+-+-+-+-+-+-+-+-+-+-+-+-+-+-+-+-+-+- Iteracion 3590  +-+-+-+-+-+-+-+-+-+-+-+-+-+-+-+-+-+-+-+-+-+-+-+-+-

Solucion peor. Costo: 853.076
Lista tabu: [((24,29,19.925),1), ((29,12,18.682),1), ((5,9,17.029),1), ((9,19,9.434),1), ((31,1,16.279),2), ((15,28,10.77),2), ((25,15,3.0),2), ((31,15,24.021),1), ((15,28,10.77),5), ((28,27,26.926),5), ((21,1,36.235),5), ((21,28,25.0),4), ((10,23,4.243),4), ((23,1,84.172),4), ((30,16,19.647),4), ((16,23,23.345),3)]

+-+-+-+-+-+-+-+-+-+-+-+-+-+-+-+-+-+-+-+-+-+-+-+-+- Iteracion 3976  +-+-+-+-+-+-+-+-+-+-+-+-+-+-+-+-+-+-+-+-+-+-+-+-+-


+-+-+-+-+-+-+-+-+-+-+-+-+-+-+-+-+-+-+-+-+-+-+-+-+- Iteracion 3976  +-+-+-+-+-+-+-+-+-+-+-+-+-+-+-+-+-+-+-+-+-+-+-+-+-

Solucion peor. Costo: 853.076
Lista tabu: [((26,6,21.541),1), ((30,16,19.647),1), ((1,30,62.29),1), ((10,23,4.243),2), ((23,1,84.172),2), ((30,16,19.647),2), ((16,23,23.345),1), ((15,27,19.416),3), ((27,31,7.071),3), ((17,1,25.71),3), ((27,17,8.944),2), ((24,29,19.925),4), ((5,9,17.029),4), ((12,5,8.544),4), ((5,24,29.069),3)]

+-+-+-+-+-+-+-+-+-+-+-+-+-+-+-+-+-+-+-+-+-+-+-+-+- Iteracion 4283  +-+-+-+-+-+-+-+-+-+-+-+-+-+-+-+-+-+-+-+-+-+-+-+-+-


+-+-+-+-+-+-+-+-+-+-+-+-+-+-+-+-+-+-+-+-+-+-+-+-+- Iteracion 4283  +-+-+-+-+-+-+-+-+-+-+-+-+-+-+-+-+-+-+-+-+-+-+-+-+-

Solucion peor. Costo: 980.4199999999998
Lista tabu: [((18,2,42.297),4), ((2,13,8.246),4), ((8,31,21.024),4), ((2,31,19.416),3)]

+-+-+-+-+-+-+-+-+-+-+-+-+-+-+-+-+-+-+-+-+-+-+-+-+- Iteracion 4285  +-+-+-+-+-+-+-+-+-+-+-+-+-+-+-+-+-+-+-+-+-+-+-+-+-


+-+-+-+-+-+-+-+-+-+-+-+-+-+-+-+-+-+-+-+-+-+-+-+-+- Iteracion 4285  +-+-+-+-+-+-+-+-+-+-+-+-+-+-+-+-+-+-+-+-+-+-+-+-+-

Solucion peor. Costo: 969.0829999999999
Lista tabu: [((18,2,42.297),2), ((2,13,8.246),2), ((8,31,21.024),2), ((2,31,19.416),1), ((1,27,21.095),5), ((27,15,19.416),5), ((1,17,25.71),5), ((27,17,8.944),4), ((13,1,28.844),4), ((27,17,8.944),4), ((1,27,21.095),4), ((27,13,18.248),3)]

+-+-+-+-+-+-+-+-+-+-+-+-+-+-+-+-+-+-+-+-+-+-+-+-+- Iteracion 4286  +-+-+-+-+-+-+-+-+-+-+-+-+-+-+-+-+-+-+-+-+-+-+-+-+-


+-+-+-+-+-+-+-+-+-+-+-+-+-+-+-+-+-+-+-+-+-+-+-+-+- Iteracion 4286  +-+-+-+-+-+-+-+-+-+-+-+-+-+-+-+-+-+-+-+-+-+-+-+-+-

Solucion peor. Costo: 965.2099999999999
Lista tabu: [((18,2,42.297),1), ((2,13,8.246),1), ((8,31,21.024),1), ((1,27,21.095),4), ((27,15,19.416),4), ((1,17,25.71),4), ((27,17,8.944),3), ((13,1,28.844),3), ((27,17,8.944),3), ((1,27,21.095),3), ((27,13,18.248),2), ((8,2,13.0),6), ((2,31,19.416),6), ((18,13,50.488),6), ((2,13,8.246),5)]

+-+-+-+-+-+-+-+-+-+-+-+-+-+-+-+-+-+-+-+-+-+-+-+-+- Iteracion 4296  +-+-+-+-+-+-+-+-+-+-+-+-+-+-+-+-+-+-+-+-+-+-+-+-+-


+-+-+-+-+-+-+-+-+-+-+-+-+-+-+-+-+-+-+-+-+-+-+-+-+- Iteracion 4296  +-+-+-+-+-+-+-+-+-+-+-+-+-+-+-+-+-+-+-+-+-+-+-+-+-

Solucion peor. Costo: 951.8209999999999
Lista tabu: [((1,15,27.019),1), ((17,31,9.487),1), ((8,17,12.649),1), ((1,15,27.019),2), ((17,31,9.487),2), ((8,17,12.649),2), ((1,17,25.71),1), ((1,27,21.095),3), ((27,14,30.265),3), ((1,15,27.019),3), ((15,27,19.416),2), ((1,15,27.019),4), ((31,1,16.279),4), ((17,31,9.487),4), ((15,31,24.021),3)]

+-+-+-+-+-+-+-+-+-+-+-+-+-+-+-+-+-+-+-+-+-+-+-+-+- Iteracion 4305  +-+-+-+-+-+-+-+-+-+-+-+-+-+-+-+-+-+-+-+-+-+-+-+-+-


+-+-+-+-+-+-+-+-+-+-+-+-+-+-+-+-+-+-+-+-+-+-+-+-+- Iteracion 4305  +-+-+-+-+-+-+-+-+-+-+-+-+-+-+-+-+-+-+-+-+-+-+-+-+-

Solucion peor. Costo: 947.8269999999999
Lista tabu: [((5,9,17.029),1), ((29,12,18.682),1), ((24,29,19.925),1), ((25,8,32.527),2), ((31,1,16.279),2), ((17,31,9.487),2), ((31,25,24.083),1), ((1,15,27.019),3), ((31,1,16.279),3), ((17,31,9.487),3), ((15,31,24.021),2), ((32,22,9.0),4), ((22,1,64.031),4), ((18,2,42.297),4), ((2,22,30.067),3)]

+-+-+-+-+-+-+-+-+-+-+-+-+-+-+-+-+-+-+-+-+-+-+-+-+- Iteracion 4306  +-+-+-+-+-+-+-+-+-+-+-+-+-+-+-+-+-+-+-+-+-+-+-+-+-


+-+-+-+-+-+-+-+-+-+-+-+-+-+-+-+-+-+-+-+-+-+-+-+-+- Iteracion 4306  +-+-+-+-+-+-+-+-+-+-+-+-+-+-+-+-+-+-+-+-+-+-+-+-+-

Solucion peor. Costo: 938.4889999999999
Lista tabu: [((25,8,32.527),1), ((31,1,16.279),1), ((17,31,9.487),1), ((1,15,27.019),2), ((31,1,16.279),2), ((17,31,9.487),2), ((15,31,24.021),1), ((32,22,9.0),3), ((22,1,64.031),3), ((18,2,42.297),3), ((2,22,30.067),2), ((1,24,78.032),6), ((24,29,19.925),6), ((1,3,77.878),6), ((24,3,8.944),5)]

+-+-+-+-+-+-+-+-+-+-+-+-+-+-+-+-+-+-+-+-+-+-+-+-+- Iteracion 4308  +-+-+-+-+-+-+-+-+-+-+-+-+-+-+-+-+-+-+-+-+-+-+-+-+-


+-+-+-+-+-+-+-+-+-+-+-+-+-+-+-+-+-+-+-+-+-+-+-+-+- Iteracion 4308  +-+-+-+-+-+-+-+-+-+-+-+-+-+-+-+-+-+-+-+-+-+-+-+-+-

Solucion peor. Costo: 922.6949999999999
Lista tabu: [((32,22,9.0),1), ((22,1,64.031),1), ((18,2,42.297),1), ((1,24,78.032),4), ((24,29,19.925),4), ((1,3,77.878),4), ((24,3,8.944),3), ((14,18,24.042),5), ((18,2,42.297),5), ((32,22,9.0),5), ((22,1,64.031),5), ((2,22,30.067),4), ((3,4,3.162),4), ((4,7,23.77),4), ((1,29,84.865),4), ((4,29,26.926),3)]

+-+-+-+-+-+-+-+-+-+-+-+-+-+-+-+-+-+-+-+-+-+-+-+-+- Iteracion 4314  +-+-+-+-+-+-+-+-+-+-+-+-+-+-+-+-+-+-+-+-+-+-+-+-+-


+-+-+-+-+-+-+-+-+-+-+-+-+-+-+-+-+-+-+-+-+-+-+-+-+- Iteracion 4314  +-+-+-+-+-+-+-+-+-+-+-+-+-+-+-+-+-+-+-+-+-+-+-+-+-

Solucion peor. Costo: 899.257
Lista tabu: [((25,8,32.527),1), ((8,17,12.649),1), ((27,14,30.265),1), ((2,13,8.246),1), ((13,1,28.844),1), ((25,17,29.155),1), ((31,1,16.279),2), ((28,25,8.062),2), ((15,28,10.77),2), ((31,28,29.411),1), ((1,30,62.29),3), ((6,21,21.378),3), ((26,6,21.541),3), ((30,6,21.024),2), ((1,29,84.865),4), ((19,10,18.385),4), ((9,19,9.434),4), ((29,19,17.464),3)]

+-+-+-+-+-+-+-+-+-+-+-+-+-+-+-+-+-+-+-+-+-+-+-+-+- Iteracion 4321  +-+-+-+-+-+-+-+-+-+-+-+-+-+-+-+-+-+-+-+-+-+-+-+-+-


+-+-+-+-+-+-+-+-+-+-+-+-+-+-+-+-+-+-+-+-+-+-+-+-+- Iteracion 4321  +-+-+-+-+-+-+-+-+-+-+-+-+-+-+-+-+-+-+-+-+-+-+-+-+-

Solucion peor. Costo: 898.1519999999999
Lista tabu: [((27,8,16.492),1), ((8,14,14.0),1), ((32,18,7.616),1), ((18,1,74.545),1), ((1,15,27.019),2), ((15,28,10.77),2), ((25,17,29.155),2), ((17,31,9.487),2), ((15,31,24.021),1), ((1,15,27.019),3), ((15,28,10.77),3), ((25,17,29.155),3), ((17,31,9.487),3), ((15,31,24.021),2), ((1,29,84.865),4), ((29,12,18.682),4), ((9,19,9.434),4), ((19,10,18.385),4), ((19,12,26.077),3)]

+-+-+-+-+-+-+-+-+-+-+-+-+-+-+-+-+-+-+-+-+-+-+-+-+- Iteracion 4325  +-+-+-+-+-+-+-+-+-+-+-+-+-+-+-+-+-+-+-+-+-+-+-+-+-


+-+-+-+-+-+-+-+-+-+-+-+-+-+-+-+-+-+-+-+-+-+-+-+-+- Iteracion 4325  +-+-+-+-+-+-+-+-+-+-+-+-+-+-+-+-+-+-+-+-+-+-+-+-+-

Solucion peor. Costo: 897.656
Lista tabu: [((15,28,10.77),3), ((28,25,8.062),3), ((21,1,36.235),3), ((21,28,25.0),2), ((23,1,84.172),2), ((9,19,9.434),2), ((5,9,17.029),2), ((23,9,20.125),1), ((1,27,21.095),3), ((27,8,16.492),3), ((28,1,25.962),3), ((27,28,26.926),2), ((2,13,8.246),4), ((13,1,28.844),4), ((25,17,29.155),4), ((17,31,9.487),4), ((2,17,10.63),3)]

+-+-+-+-+-+-+-+-+-+-+-+-+-+-+-+-+-+-+-+-+-+-+-+-+- Iteracion 4370  +-+-+-+-+-+-+-+-+-+-+-+-+-+-+-+-+-+-+-+-+-+-+-+-+-


+-+-+-+-+-+-+-+-+-+-+-+-+-+-+-+-+-+-+-+-+-+-+-+-+- Iteracion 4370  +-+-+-+-+-+-+-+-+-+-+-+-+-+-+-+-+-+-+-+-+-+-+-+-+-

Solucion peor. Costo: 892.6419999999999
Lista tabu: [((1,8,37.054),1), ((8,14,14.0),1), ((27,17,8.944),1), ((30,16,19.647),2), ((16,11,17.117),2), ((23,1,84.172),2), ((16,23,23.345),1), ((4,20,44.283),3), ((20,32,5.385),3), ((8,14,14.0),3), ((14,22,17.804),3), ((20,22,12.083),2), ((24,3,8.944),4), ((3,4,3.162),4), ((1,29,84.865),4), ((3,29,28.792),3)]

+-+-+-+-+-+-+-+-+-+-+-+-+-+-+-+-+-+-+-+-+-+-+-+-+- Iteracion 4673  +-+-+-+-+-+-+-+-+-+-+-+-+-+-+-+-+-+-+-+-+-+-+-+-+-


+-+-+-+-+-+-+-+-+-+-+-+-+-+-+-+-+-+-+-+-+-+-+-+-+- Iteracion 4673  +-+-+-+-+-+-+-+-+-+-+-+-+-+-+-+-+-+-+-+-+-+-+-+-+-

Solucion peor. Costo: 962.5229999999999
Lista tabu: [((25,27,20.248),4), ((27,17,8.944),4), ((2,13,8.246),4), ((13,1,28.844),4), ((17,13,10.05),3)]

+-+-+-+-+-+-+-+-+-+-+-+-+-+-+-+-+-+-+-+-+-+-+-+-+- Iteracion 4674  +-+-+-+-+-+-+-+-+-+-+-+-+-+-+-+-+-+-+-+-+-+-+-+-+-


+-+-+-+-+-+-+-+-+-+-+-+-+-+-+-+-+-+-+-+-+-+-+-+-+- Iteracion 4674  +-+-+-+-+-+-+-+-+-+-+-+-+-+-+-+-+-+-+-+-+-+-+-+-+-

Solucion peor. Costo: 941.6100000000001
Lista tabu: [((25,27,20.248),3), ((27,17,8.944),3), ((2,13,8.246),3), ((13,1,28.844),3), ((17,13,10.05),2), ((1,12,101.415),6), ((19,10,18.385),6), ((9,19,9.434),6), ((12,19,26.077),5)]

+-+-+-+-+-+-+-+-+-+-+-+-+-+-+-+-+-+-+-+-+-+-+-+-+- Iteracion 4684  +-+-+-+-+-+-+-+-+-+-+-+-+-+-+-+-+-+-+-+-+-+-+-+-+-


+-+-+-+-+-+-+-+-+-+-+-+-+-+-+-+-+-+-+-+-+-+-+-+-+- Iteracion 4684  +-+-+-+-+-+-+-+-+-+-+-+-+-+-+-+-+-+-+-+-+-+-+-+-+-

Solucion peor. Costo: 929.4650000000001
Lista tabu: [((1,28,25.962),1), ((28,15,10.77),1), ((21,1,36.235),1), ((1,28,25.962),2), ((31,1,16.279),2), ((17,31,9.487),2), ((28,31,29.411),1), ((3,4,3.162),3), ((4,20,44.283),3), ((24,29,19.925),3), ((4,29,26.926),2), ((13,17,10.05),4), ((17,31,9.487),4), ((8,14,14.0),4), ((14,17,26.306),3)]

+-+-+-+-+-+-+-+-+-+-+-+-+-+-+-+-+-+-+-+-+-+-+-+-+- Iteracion 4702  +-+-+-+-+-+-+-+-+-+-+-+-+-+-+-+-+-+-+-+-+-+-+-+-+-


+-+-+-+-+-+-+-+-+-+-+-+-+-+-+-+-+-+-+-+-+-+-+-+-+- Iteracion 4702  +-+-+-+-+-+-+-+-+-+-+-+-+-+-+-+-+-+-+-+-+-+-+-+-+-

Solucion peor. Costo: 929.4180000000001
Lista tabu: [((19,12,26.077),1), ((12,5,8.544),1), ((29,9,12.728),1), ((9,10,19.209),1), ((19,12,26.077),2), ((12,5,8.544),2), ((29,9,12.728),2), ((9,10,19.209),2), ((9,5,17.029),1), ((1,8,37.054),3), ((13,27,18.248),3), ((2,13,8.246),3), ((1,13,28.844),2), ((2,13,8.246),4), ((13,27,18.248),4), ((25,17,29.155),4), ((17,31,9.487),4), ((13,31,15.264),3)]

+-+-+-+-+-+-+-+-+-+-+-+-+-+-+-+-+-+-+-+-+-+-+-+-+- Iteracion 4703  +-+-+-+-+-+-+-+-+-+-+-+-+-+-+-+-+-+-+-+-+-+-+-+-+-


+-+-+-+-+-+-+-+-+-+-+-+-+-+-+-+-+-+-+-+-+-+-+-+-+- Iteracion 4703  +-+-+-+-+-+-+-+-+-+-+-+-+-+-+-+-+-+-+-+-+-+-+-+-+-

Solucion peor. Costo: 925.4470000000001
Lista tabu: [((19,12,26.077),1), ((12,5,8.544),1), ((29,9,12.728),1), ((9,10,19.209),1), ((1,8,37.054),2), ((13,27,18.248),2), ((2,13,8.246),2), ((1,13,28.844),1), ((2,13,8.246),3), ((13,27,18.248),3), ((25,17,29.155),3), ((17,31,9.487),3), ((13,31,15.264),2), ((19,12,26.077),6), ((9,10,19.209),6), ((29,9,12.728),6), ((12,9,16.643),5)]

+-+-+-+-+-+-+-+-+-+-+-+-+-+-+-+-+-+-+-+-+-+-+-+-+- Iteracion 4711  +-+-+-+-+-+-+-+-+-+-+-+-+-+-+-+-+-+-+-+-+-+-+-+-+-


+-+-+-+-+-+-+-+-+-+-+-+-+-+-+-+-+-+-+-+-+-+-+-+-+- Iteracion 4711  +-+-+-+-+-+-+-+-+-+-+-+-+-+-+-+-+-+-+-+-+-+-+-+-+-

Solucion peor. Costo: 923.441
Lista tabu: [((1,28,25.962),1), ((28,15,10.77),1), ((25,17,29.155),1), ((17,27,8.944),1), ((29,10,31.89),2), ((9,12,16.643),2), ((19,9,9.434),2), ((9,29,12.728),1), ((29,10,31.89),3), ((12,5,8.544),3), ((9,12,16.643),3), ((12,10,29.155),2), ((10,23,4.243),4), ((23,1,84.172),4), ((30,16,19.647),4), ((16,23,23.345),3)]

+-+-+-+-+-+-+-+-+-+-+-+-+-+-+-+-+-+-+-+-+-+-+-+-+- Iteracion 4724  +-+-+-+-+-+-+-+-+-+-+-+-+-+-+-+-+-+-+-+-+-+-+-+-+-


+-+-+-+-+-+-+-+-+-+-+-+-+-+-+-+-+-+-+-+-+-+-+-+-+- Iteracion 4724  +-+-+-+-+-+-+-+-+-+-+-+-+-+-+-+-+-+-+-+-+-+-+-+-+-

Solucion peor. Costo: 896.349
Lista tabu: [((2,13,8.246),1), ((13,1,28.844),1), ((25,17,29.155),1), ((3,4,3.162),2), ((4,20,44.283),2), ((24,29,19.925),2), ((4,29,26.926),1), ((20,32,5.385),3), ((32,18,7.616),3), ((14,22,17.804),3), ((22,2,30.067),3), ((20,22,12.083),2), ((19,9,9.434),4), ((9,12,16.643),4), ((29,10,31.89),4), ((10,23,4.243),4), ((9,23,20.125),3)]

+-+-+-+-+-+-+-+-+-+-+-+-+-+-+-+-+-+-+-+-+-+-+-+-+- Iteracion 4734  +-+-+-+-+-+-+-+-+-+-+-+-+-+-+-+-+-+-+-+-+-+-+-+-+-


+-+-+-+-+-+-+-+-+-+-+-+-+-+-+-+-+-+-+-+-+-+-+-+-+- Iteracion 4734  +-+-+-+-+-+-+-+-+-+-+-+-+-+-+-+-+-+-+-+-+-+-+-+-+-

Solucion peor. Costo: 892.3600000000001
Lista tabu: [((3,4,3.162),1), ((4,20,44.283),1), ((5,29,12.806),1), ((26,6,21.541),2), ((30,16,19.647),2), ((1,30,62.29),2), ((26,30,29.155),1), ((19,9,9.434),3), ((9,12,16.643),3), ((29,10,31.89),3), ((10,23,4.243),3), ((9,23,20.125),2), ((1,31,16.279),4), ((31,8,21.024),4), ((1,28,25.962),4), ((28,31,29.411),3)]

+-+-+-+-+-+-+-+-+-+-+-+-+-+-+-+-+-+-+-+-+-+-+-+-+- Iteracion 4741  +-+-+-+-+-+-+-+-+-+-+-+-+-+-+-+-+-+-+-+-+-+-+-+-+-


+-+-+-+-+-+-+-+-+-+-+-+-+-+-+-+-+-+-+-+-+-+-+-+-+- Iteracion 4741  +-+-+-+-+-+-+-+-+-+-+-+-+-+-+-+-+-+-+-+-+-+-+-+-+-

Solucion peor. Costo: 891.8640000000001
Lista tabu: [((22,2,30.067),1), ((2,13,8.246),1), ((17,31,9.487),1), ((1,28,25.962),2), ((28,15,10.77),2), ((25,17,29.155),2), ((17,31,9.487),2), ((28,31,29.411),1), ((1,27,21.095),3), ((27,8,16.492),3), ((2,13,8.246),3), ((13,1,28.844),3), ((27,2,19.416),2), ((23,1,84.172),4), ((19,9,9.434),4), ((1,19,76.844),4), ((19,23,17.205),3)]

+-+-+-+-+-+-+-+-+-+-+-+-+-+-+-+-+-+-+-+-+-+-+-+-+- Iteracion 5042  +-+-+-+-+-+-+-+-+-+-+-+-+-+-+-+-+-+-+-+-+-+-+-+-+-


+-+-+-+-+-+-+-+-+-+-+-+-+-+-+-+-+-+-+-+-+-+-+-+-+- Iteracion 5042  +-+-+-+-+-+-+-+-+-+-+-+-+-+-+-+-+-+-+-+-+-+-+-+-+-

Solucion peor. Costo: 906.991
Lista tabu: [((1,28,25.962),4), ((31,1,16.279),4), ((17,31,9.487),4), ((28,31,29.411),3)]

+-+-+-+-+-+-+-+-+-+-+-+-+-+-+-+-+-+-+-+-+-+-+-+-+- Iteracion 5045  +-+-+-+-+-+-+-+-+-+-+-+-+-+-+-+-+-+-+-+-+-+-+-+-+-


+-+-+-+-+-+-+-+-+-+-+-+-+-+-+-+-+-+-+-+-+-+-+-+-+- Iteracion 5045  +-+-+-+-+-+-+-+-+-+-+-+-+-+-+-+-+-+-+-+-+-+-+-+-+-

Solucion peor. Costo: 906.391
Lista tabu: [((1,28,25.962),1), ((31,1,16.279),1), ((17,31,9.487),1), ((1,31,16.279),4), ((31,28,29.411),4), ((15,25,3.0),4), ((25,27,20.248),4), ((1,25,25.239),3), ((8,14,14.0),3), ((14,22,17.804),3), ((32,18,7.616),3), ((18,1,74.545),3), ((22,18,13.892),2), ((1,8,37.054),4), ((8,14,14.0),4), ((32,18,7.616),4), ((18,1,74.545),4), ((14,18,24.042),3)]

+-+-+-+-+-+-+-+-+-+-+-+-+-+-+-+-+-+-+-+-+-+-+-+-+- Iteracion 5057  +-+-+-+-+-+-+-+-+-+-+-+-+-+-+-+-+-+-+-+-+-+-+-+-+-


+-+-+-+-+-+-+-+-+-+-+-+-+-+-+-+-+-+-+-+-+-+-+-+-+- Iteracion 5057  +-+-+-+-+-+-+-+-+-+-+-+-+-+-+-+-+-+-+-+-+-+-+-+-+-

Solucion peor. Costo: 900.396
Lista tabu: [((1,8,37.054),1), ((8,14,14.0),1), ((27,17,8.944),1), ((1,8,37.054),2), ((2,13,8.246),2), ((22,2,30.067),2), ((2,8,13.0),1), ((1,15,27.019),3), ((15,25,3.0),3), ((28,31,29.411),3), ((31,27,7.071),3), ((15,27,19.416),2), ((1,8,37.054),4), ((2,13,8.246),4), ((22,2,30.067),4), ((2,8,13.0),3)]

+-+-+-+-+-+-+-+-+-+-+-+-+-+-+-+-+-+-+-+-+-+-+-+-+- Iteracion 5059  +-+-+-+-+-+-+-+-+-+-+-+-+-+-+-+-+-+-+-+-+-+-+-+-+-


+-+-+-+-+-+-+-+-+-+-+-+-+-+-+-+-+-+-+-+-+-+-+-+-+- Iteracion 5059  +-+-+-+-+-+-+-+-+-+-+-+-+-+-+-+-+-+-+-+-+-+-+-+-+-

Solucion peor. Costo: 900.044
Lista tabu: [((1,15,27.019),1), ((15,25,3.0),1), ((28,31,29.411),1), ((31,27,7.071),1), ((1,8,37.054),2), ((2,13,8.246),2), ((22,2,30.067),2), ((2,8,13.0),1), ((31,27,7.071),5), ((27,17,8.944),5), ((1,8,37.054),5), ((27,8,16.492),4), ((1,7,51.884),4), ((7,24,26.401),4), ((1,15,27.019),4), ((7,15,29.155),3)]

+-+-+-+-+-+-+-+-+-+-+-+-+-+-+-+-+-+-+-+-+-+-+-+-+- Iteracion 5061  +-+-+-+-+-+-+-+-+-+-+-+-+-+-+-+-+-+-+-+-+-+-+-+-+-


+-+-+-+-+-+-+-+-+-+-+-+-+-+-+-+-+-+-+-+-+-+-+-+-+- Iteracion 5061  +-+-+-+-+-+-+-+-+-+-+-+-+-+-+-+-+-+-+-+-+-+-+-+-+-

Solucion peor. Costo: 891.3
Lista tabu: [((31,27,7.071),3), ((27,17,8.944),3), ((1,8,37.054),3), ((27,8,16.492),2), ((1,7,51.884),2), ((7,24,26.401),2), ((1,15,27.019),2), ((7,15,29.155),1), ((28,31,29.411),5), ((31,17,9.487),5), ((13,1,28.844),5), ((13,31,15.264),4), ((2,13,8.246),4), ((13,31,15.264),4), ((17,1,25.71),4), ((17,13,10.05),3)]

+-+-+-+-+-+-+-+-+-+-+-+-+-+-+-+-+-+-+-+-+-+-+-+-+- Iteracion 5071  +-+-+-+-+-+-+-+-+-+-+-+-+-+-+-+-+-+-+-+-+-+-+-+-+-


+-+-+-+-+-+-+-+-+-+-+-+-+-+-+-+-+-+-+-+-+-+-+-+-+- Iteracion 5071  +-+-+-+-+-+-+-+-+-+-+-+-+-+-+-+-+-+-+-+-+-+-+-+-+-

Solucion peor. Costo: 888.6569999999999
Lista tabu: [((2,13,8.246),1), ((13,31,15.264),1), ((1,17,25.71),1), ((13,31,15.264),2), ((31,1,16.279),2), ((17,15,28.16),2), ((15,31,24.021),1), ((1,27,21.095),3), ((27,8,16.492),3), ((15,25,3.0),3), ((25,27,20.248),2), ((2,13,8.246),4), ((13,31,15.264),4), ((1,17,25.71),4), ((17,13,10.05),3)]

+-+-+-+-+-+-+-+-+-+-+-+-+-+-+-+-+-+-+-+-+-+-+-+-+- Iteracion 5088  +-+-+-+-+-+-+-+-+-+-+-+-+-+-+-+-+-+-+-+-+-+-+-+-+-


+-+-+-+-+-+-+-+-+-+-+-+-+-+-+-+-+-+-+-+-+-+-+-+-+- Iteracion 5088  +-+-+-+-+-+-+-+-+-+-+-+-+-+-+-+-+-+-+-+-+-+-+-+-+-

Solucion peor. Costo: 888.3239999999998
Lista tabu: [((29,10,31.89),1), ((9,12,16.643),1), ((19,9,9.434),1), ((27,8,16.492),2), ((8,14,14.0),2), ((32,18,7.616),2), ((18,1,74.545),2), ((14,18,24.042),1), ((29,10,31.89),3), ((12,5,8.544),3), ((9,12,16.643),3), ((10,12,29.155),2), ((28,1,25.962),4), ((31,17,9.487),4), ((1,31,16.279),4), ((31,28,29.411),3)]

+-+-+-+-+-+-+-+-+-+-+-+-+-+-+-+-+-+-+-+-+-+-+-+-+- Iteracion 5396  +-+-+-+-+-+-+-+-+-+-+-+-+-+-+-+-+-+-+-+-+-+-+-+-+-


+-+-+-+-+-+-+-+-+-+-+-+-+-+-+-+-+-+-+-+-+-+-+-+-+- Iteracion 5396  +-+-+-+-+-+-+-+-+-+-+-+-+-+-+-+-+-+-+-+-+-+-+-+-+-

Solucion peor. Costo: 976.0630000000001
Lista tabu: [((7,24,26.401),4), ((4,14,38.91),4), ((3,4,3.162),4), ((4,7,23.77),3)]

+-+-+-+-+-+-+-+-+-+-+-+-+-+-+-+-+-+-+-+-+-+-+-+-+- Iteracion 5398  +-+-+-+-+-+-+-+-+-+-+-+-+-+-+-+-+-+-+-+-+-+-+-+-+-


+-+-+-+-+-+-+-+-+-+-+-+-+-+-+-+-+-+-+-+-+-+-+-+-+- Iteracion 5398  +-+-+-+-+-+-+-+-+-+-+-+-+-+-+-+-+-+-+-+-+-+-+-+-+-

Solucion peor. Costo: 943.248
Lista tabu: [((7,24,26.401),2), ((4,14,38.91),2), ((3,4,3.162),2), ((4,7,23.77),1), ((31,2,19.416),5), ((2,17,10.63),5), ((8,27,16.492),5), ((2,27,19.416),4), ((2,27,19.416),4), ((27,1,21.095),4), ((31,17,9.487),4), ((27,31,7.071),3)]

+-+-+-+-+-+-+-+-+-+-+-+-+-+-+-+-+-+-+-+-+-+-+-+-+- Iteracion 5408  +-+-+-+-+-+-+-+-+-+-+-+-+-+-+-+-+-+-+-+-+-+-+-+-+-


+-+-+-+-+-+-+-+-+-+-+-+-+-+-+-+-+-+-+-+-+-+-+-+-+- Iteracion 5408  +-+-+-+-+-+-+-+-+-+-+-+-+-+-+-+-+-+-+-+-+-+-+-+-+-

Solucion peor. Costo: 937.8650000000001
Lista tabu: [((16,11,17.117),1), ((30,10,35.847),1), ((1,30,62.29),1), ((1,31,16.279),2), ((25,28,8.062),2), ((15,25,3.0),2), ((25,31,24.083),1), ((2,27,19.416),3), ((27,1,21.095),3), ((15,25,3.0),3), ((25,27,20.248),2), ((8,2,13.0),4), ((2,27,19.416),4), ((31,17,9.487),4), ((17,15,28.16),4), ((8,17,12.649),3)]

+-+-+-+-+-+-+-+-+-+-+-+-+-+-+-+-+-+-+-+-+-+-+-+-+- Iteracion 5414  +-+-+-+-+-+-+-+-+-+-+-+-+-+-+-+-+-+-+-+-+-+-+-+-+-


+-+-+-+-+-+-+-+-+-+-+-+-+-+-+-+-+-+-+-+-+-+-+-+-+- Iteracion 5414  +-+-+-+-+-+-+-+-+-+-+-+-+-+-+-+-+-+-+-+-+-+-+-+-+-

Solucion peor. Costo: 898.9730000000002
Lista tabu: [((2,27,19.416),1), ((27,1,21.095),1), ((17,15,28.16),1), ((14,8,14.0),1), ((8,2,13.0),1), ((31,17,9.487),1), ((17,27,8.944),1), ((1,7,51.884),2), ((7,4,23.77),2), ((14,8,14.0),2), ((7,8,27.514),1), ((1,30,62.29),3), ((6,21,21.378),3), ((26,6,21.541),3), ((30,6,21.024),2), ((17,27,8.944),4), ((27,15,19.416),4), ((2,1,34.928),4), ((2,27,19.416),3)]

+-+-+-+-+-+-+-+-+-+-+-+-+-+-+-+-+-+-+-+-+-+-+-+-+- Iteracion 5419  +-+-+-+-+-+-+-+-+-+-+-+-+-+-+-+-+-+-+-+-+-+-+-+-+-


+-+-+-+-+-+-+-+-+-+-+-+-+-+-+-+-+-+-+-+-+-+-+-+-+- Iteracion 5419  +-+-+-+-+-+-+-+-+-+-+-+-+-+-+-+-+-+-+-+-+-+-+-+-+-

Solucion peor. Costo: 888.4120000000001
Lista tabu: [((30,10,35.847),2), ((10,16,26.019),2), ((9,23,20.125),2), ((10,23,4.243),1), ((17,27,8.944),1), ((27,15,19.416),1), ((8,2,13.0),1), ((2,1,34.928),1), ((7,4,23.77),2), ((4,24,7.071),2), ((5,29,12.806),2), ((4,29,26.926),1), ((7,4,23.77),3), ((4,24,7.071),3), ((5,29,12.806),3), ((4,29,26.926),2), ((14,8,14.0),4), ((8,2,13.0),4), ((31,17,9.487),4), ((17,27,8.944),4), ((14,17,26.306),3)]

+-+-+-+-+-+-+-+-+-+-+-+-+-+-+-+-+-+-+-+-+-+-+-+-+- Iteracion 5443  +-+-+-+-+-+-+-+-+-+-+-+-+-+-+-+-+-+-+-+-+-+-+-+-+-


+-+-+-+-+-+-+-+-+-+-+-+-+-+-+-+-+-+-+-+-+-+-+-+-+- Iteracion 5443  +-+-+-+-+-+-+-+-+-+-+-+-+-+-+-+-+-+-+-+-+-+-+-+-+-

Solucion peor. Costo: 888.3650000000002
Lista tabu: [((28,1,25.962),1), ((31,17,9.487),1), ((1,31,16.279),1), ((19,12,26.077),2), ((12,5,8.544),2), ((29,9,12.728),2), ((9,10,19.209),2), ((12,10,29.155),1), ((1,7,51.884),3), ((7,4,23.77),3), ((27,15,19.416),3), ((7,15,29.155),2), ((14,8,14.0),4), ((8,1,37.054),4), ((31,17,9.487),4), ((17,27,8.944),4), ((14,17,26.306),3)]

+-+-+-+-+-+-+-+-+-+-+-+-+-+-+-+-+-+-+-+-+-+-+-+-+- Iteracion 5748  +-+-+-+-+-+-+-+-+-+-+-+-+-+-+-+-+-+-+-+-+-+-+-+-+-


+-+-+-+-+-+-+-+-+-+-+-+-+-+-+-+-+-+-+-+-+-+-+-+-+- Iteracion 5748  +-+-+-+-+-+-+-+-+-+-+-+-+-+-+-+-+-+-+-+-+-+-+-+-+-

Solucion peor. Costo: 952.4399999999999
Lista tabu: [((1,8,37.054),4), ((8,4,46.755),4), ((17,27,8.944),4), ((27,25,20.248),4), ((8,17,12.649),3)]

+-+-+-+-+-+-+-+-+-+-+-+-+-+-+-+-+-+-+-+-+-+-+-+-+- Iteracion 5749  +-+-+-+-+-+-+-+-+-+-+-+-+-+-+-+-+-+-+-+-+-+-+-+-+-


+-+-+-+-+-+-+-+-+-+-+-+-+-+-+-+-+-+-+-+-+-+-+-+-+- Iteracion 5749  +-+-+-+-+-+-+-+-+-+-+-+-+-+-+-+-+-+-+-+-+-+-+-+-+-

Solucion peor. Costo: 940.9469999999999
Lista tabu: [((1,8,37.054),3), ((8,4,46.755),3), ((17,27,8.944),3), ((27,25,20.248),3), ((8,17,12.649),2), ((2,22,30.067),6), ((22,14,17.804),6), ((20,32,5.385),6), ((20,22,12.083),5)]

+-+-+-+-+-+-+-+-+-+-+-+-+-+-+-+-+-+-+-+-+-+-+-+-+- Iteracion 5752  +-+-+-+-+-+-+-+-+-+-+-+-+-+-+-+-+-+-+-+-+-+-+-+-+-


+-+-+-+-+-+-+-+-+-+-+-+-+-+-+-+-+-+-+-+-+-+-+-+-+- Iteracion 5752  +-+-+-+-+-+-+-+-+-+-+-+-+-+-+-+-+-+-+-+-+-+-+-+-+-

Solucion peor. Costo: 939.1699999999998
Lista tabu: [((2,22,30.067),3), ((22,14,17.804),3), ((20,32,5.385),3), ((20,22,12.083),2), ((17,8,12.649),4), ((8,25,32.527),4), ((2,14,22.472),4), ((2,8,13.0),3), ((28,1,25.962),3), ((31,17,9.487),3), ((1,31,16.279),3), ((31,28,29.411),2), ((10,23,4.243),4), ((23,1,84.172),4), ((30,16,19.647),4), ((16,23,23.345),3)]

+-+-+-+-+-+-+-+-+-+-+-+-+-+-+-+-+-+-+-+-+-+-+-+-+- Iteracion 5756  +-+-+-+-+-+-+-+-+-+-+-+-+-+-+-+-+-+-+-+-+-+-+-+-+-


+-+-+-+-+-+-+-+-+-+-+-+-+-+-+-+-+-+-+-+-+-+-+-+-+- Iteracion 5756  +-+-+-+-+-+-+-+-+-+-+-+-+-+-+-+-+-+-+-+-+-+-+-+-+-

Solucion peor. Costo: 912.5009999999997
Lista tabu: [((1,27,21.095),3), ((27,4,56.303),3), ((17,25,29.155),3), ((27,25,20.248),2), ((2,8,13.0),2), ((8,14,14.0),2), ((17,27,8.944),2), ((8,17,12.649),1), ((13,2,8.246),3), ((2,8,13.0),3), ((31,17,9.487),3), ((31,2,19.416),2), ((26,6,21.541),4), ((30,16,19.647),4), ((1,30,62.29),4), ((26,30,29.155),3)]

+-+-+-+-+-+-+-+-+-+-+-+-+-+-+-+-+-+-+-+-+-+-+-+-+- Iteracion 5757  +-+-+-+-+-+-+-+-+-+-+-+-+-+-+-+-+-+-+-+-+-+-+-+-+-


+-+-+-+-+-+-+-+-+-+-+-+-+-+-+-+-+-+-+-+-+-+-+-+-+- Iteracion 5757  +-+-+-+-+-+-+-+-+-+-+-+-+-+-+-+-+-+-+-+-+-+-+-+-+-

Solucion peor. Costo: 909.2629999999999
Lista tabu: [((1,27,21.095),2), ((27,4,56.303),2), ((17,25,29.155),2), ((27,25,20.248),1), ((2,8,13.0),1), ((8,14,14.0),1), ((17,27,8.944),1), ((13,2,8.246),2), ((2,8,13.0),2), ((31,17,9.487),2), ((31,2,19.416),1), ((26,6,21.541),3), ((30,16,19.647),3), ((1,30,62.29),3), ((26,30,29.155),2), ((5,24,29.069),6), ((24,29,19.925),6), ((1,4,75.584),6), ((24,4,7.071),5)]

+-+-+-+-+-+-+-+-+-+-+-+-+-+-+-+-+-+-+-+-+-+-+-+-+- Iteracion 5758  +-+-+-+-+-+-+-+-+-+-+-+-+-+-+-+-+-+-+-+-+-+-+-+-+-


+-+-+-+-+-+-+-+-+-+-+-+-+-+-+-+-+-+-+-+-+-+-+-+-+- Iteracion 5758  +-+-+-+-+-+-+-+-+-+-+-+-+-+-+-+-+-+-+-+-+-+-+-+-+-

Solucion peor. Costo: 909.2159999999999
Lista tabu: [((1,27,21.095),1), ((27,4,56.303),1), ((17,25,29.155),1), ((13,2,8.246),1), ((2,8,13.0),1), ((31,17,9.487),1), ((26,6,21.541),2), ((30,16,19.647),2), ((1,30,62.29),2), ((26,30,29.155),1), ((5,24,29.069),5), ((24,29,19.925),5), ((1,4,75.584),5), ((24,4,7.071),4), ((1,9,85.604),6), ((9,12,16.643),6), ((29,19,17.464),6), ((19,10,18.385),6), ((29,9,12.728),5)]

+-+-+-+-+-+-+-+-+-+-+-+-+-+-+-+-+-+-+-+-+-+-+-+-+- Iteracion 5763  +-+-+-+-+-+-+-+-+-+-+-+-+-+-+-+-+-+-+-+-+-+-+-+-+-


+-+-+-+-+-+-+-+-+-+-+-+-+-+-+-+-+-+-+-+-+-+-+-+-+- Iteracion 5763  +-+-+-+-+-+-+-+-+-+-+-+-+-+-+-+-+-+-+-+-+-+-+-+-+-

Solucion peor. Costo: 900.1349999999998
Lista tabu: [((1,9,85.604),1), ((9,12,16.643),1), ((29,19,17.464),1), ((19,10,18.385),1), ((19,12,26.077),2), ((9,10,19.209),2), ((29,9,12.728),2), ((19,9,9.434),1), ((20,22,12.083),1), ((22,32,9.0),1), ((2,8,13.0),1), ((1,24,78.032),2), ((24,4,7.071),2), ((5,29,12.806),2), ((24,29,19.925),1), ((1,31,16.279),3), ((27,25,20.248),3), ((17,27,8.944),3), ((1,27,21.095),2), ((8,14,14.0),4), ((14,7,26.476),4), ((17,27,8.944),4), ((14,17,26.306),3)]

+-+-+-+-+-+-+-+-+-+-+-+-+-+-+-+-+-+-+-+-+-+-+-+-+- Iteracion 5788  +-+-+-+-+-+-+-+-+-+-+-+-+-+-+-+-+-+-+-+-+-+-+-+-+-


+-+-+-+-+-+-+-+-+-+-+-+-+-+-+-+-+-+-+-+-+-+-+-+-+- Iteracion 5788  +-+-+-+-+-+-+-+-+-+-+-+-+-+-+-+-+-+-+-+-+-+-+-+-+-

Solucion peor. Costo: 898.0129999999998
Lista tabu: [((1,13,28.844),1), ((13,2,8.246),1), ((31,17,9.487),1), ((19,9,9.434),2), ((9,12,16.643),2), ((5,29,12.806),2), ((29,10,31.89),2), ((19,29,17.464),1), ((1,24,78.032),3), ((24,4,7.071),3), ((5,29,12.806),3), ((24,29,19.925),2), ((1,13,28.844),4), ((13,2,8.246),4), ((31,17,9.487),4), ((13,31,15.264),3)]

+-+-+-+-+-+-+-+-+-+-+-+-+-+-+-+-+-+-+-+-+-+-+-+-+- Iteracion 6092  +-+-+-+-+-+-+-+-+-+-+-+-+-+-+-+-+-+-+-+-+-+-+-+-+-


+-+-+-+-+-+-+-+-+-+-+-+-+-+-+-+-+-+-+-+-+-+-+-+-+- Iteracion 6092  +-+-+-+-+-+-+-+-+-+-+-+-+-+-+-+-+-+-+-+-+-+-+-+-+-

Solucion peor. Costo: 965.3899999999996
Lista tabu: [((1,31,16.279),4), ((25,28,8.062),4), ((15,25,3.0),4), ((31,25,24.083),3)]

+-+-+-+-+-+-+-+-+-+-+-+-+-+-+-+-+-+-+-+-+-+-+-+-+- Iteracion 6093  +-+-+-+-+-+-+-+-+-+-+-+-+-+-+-+-+-+-+-+-+-+-+-+-+-


+-+-+-+-+-+-+-+-+-+-+-+-+-+-+-+-+-+-+-+-+-+-+-+-+- Iteracion 6093  +-+-+-+-+-+-+-+-+-+-+-+-+-+-+-+-+-+-+-+-+-+-+-+-+-

Solucion peor. Costo: 961.5739999999997
Lista tabu: [((1,31,16.279),3), ((25,28,8.062),3), ((15,25,3.0),3), ((31,25,24.083),2), ((25,31,24.083),6), ((31,17,9.487),6), ((1,13,28.844),6), ((31,13,15.264),5)]

+-+-+-+-+-+-+-+-+-+-+-+-+-+-+-+-+-+-+-+-+-+-+-+-+- Iteracion 6100  +-+-+-+-+-+-+-+-+-+-+-+-+-+-+-+-+-+-+-+-+-+-+-+-+-


+-+-+-+-+-+-+-+-+-+-+-+-+-+-+-+-+-+-+-+-+-+-+-+-+- Iteracion 6100  +-+-+-+-+-+-+-+-+-+-+-+-+-+-+-+-+-+-+-+-+-+-+-+-+-

Solucion peor. Costo: 960.6919999999998
Lista tabu: [((24,4,7.071),1), ((4,3,3.162),1), ((5,29,12.806),1), ((2,8,13.0),2), ((8,22,28.653),2), ((25,17,29.155),2), ((8,17,12.649),1), ((2,8,13.0),3), ((8,22,28.653),3), ((25,17,29.155),3), ((17,27,8.944),3), ((2,17,10.63),2), ((1,31,16.279),4), ((31,13,15.264),4), ((25,17,29.155),4), ((31,25,24.083),3)]

+-+-+-+-+-+-+-+-+-+-+-+-+-+-+-+-+-+-+-+-+-+-+-+-+- Iteracion 6106  +-+-+-+-+-+-+-+-+-+-+-+-+-+-+-+-+-+-+-+-+-+-+-+-+-


+-+-+-+-+-+-+-+-+-+-+-+-+-+-+-+-+-+-+-+-+-+-+-+-+- Iteracion 6106  +-+-+-+-+-+-+-+-+-+-+-+-+-+-+-+-+-+-+-+-+-+-+-+-+-

Solucion peor. Costo: 957.9599999999997
Lista tabu: [((2,8,13.0),1), ((8,22,28.653),1), ((27,7,33.302),1), ((31,13,15.264),1), ((13,2,8.246),1), ((1,25,25.239),1), ((25,17,29.155),1), ((30,16,19.647),2), ((16,11,17.117),2), ((10,23,4.243),2), ((10,16,26.019),1), ((24,4,7.071),3), ((4,3,3.162),3), ((5,29,12.806),3), ((4,29,26.926),2), ((1,25,25.239),4), ((27,8,16.492),4), ((17,27,8.944),4), ((1,27,21.095),3)]

+-+-+-+-+-+-+-+-+-+-+-+-+-+-+-+-+-+-+-+-+-+-+-+-+- Iteracion 6109  +-+-+-+-+-+-+-+-+-+-+-+-+-+-+-+-+-+-+-+-+-+-+-+-+-


+-+-+-+-+-+-+-+-+-+-+-+-+-+-+-+-+-+-+-+-+-+-+-+-+- Iteracion 6109  +-+-+-+-+-+-+-+-+-+-+-+-+-+-+-+-+-+-+-+-+-+-+-+-+-

Solucion peor. Costo: 957.9129999999998
Lista tabu: [((1,25,25.239),1), ((27,8,16.492),1), ((17,27,8.944),1), ((17,27,8.944),4), ((27,8,16.492),4), ((31,13,15.264),4), ((31,27,7.071),3), ((19,12,26.077),3), ((29,9,12.728),3), ((5,29,12.806),3), ((29,19,17.464),2), ((8,7,27.514),4), ((7,15,29.155),4), ((24,4,7.071),4), ((4,7,23.77),3)]

+-+-+-+-+-+-+-+-+-+-+-+-+-+-+-+-+-+-+-+-+-+-+-+-+- Iteracion 6110  +-+-+-+-+-+-+-+-+-+-+-+-+-+-+-+-+-+-+-+-+-+-+-+-+-


+-+-+-+-+-+-+-+-+-+-+-+-+-+-+-+-+-+-+-+-+-+-+-+-+- Iteracion 6110  +-+-+-+-+-+-+-+-+-+-+-+-+-+-+-+-+-+-+-+-+-+-+-+-+-

Solucion peor. Costo: 954.1319999999998
Lista tabu: [((17,27,8.944),3), ((27,8,16.492),3), ((31,13,15.264),3), ((31,27,7.071),2), ((19,12,26.077),2), ((29,9,12.728),2), ((5,29,12.806),2), ((29,19,17.464),1), ((8,7,27.514),3), ((7,15,29.155),3), ((24,4,7.071),3), ((4,7,23.77),2), ((19,12,26.077),6), ((9,10,19.209),6), ((29,9,12.728),6), ((9,12,16.643),5)]

+-+-+-+-+-+-+-+-+-+-+-+-+-+-+-+-+-+-+-+-+-+-+-+-+- Iteracion 6117  +-+-+-+-+-+-+-+-+-+-+-+-+-+-+-+-+-+-+-+-+-+-+-+-+-


+-+-+-+-+-+-+-+-+-+-+-+-+-+-+-+-+-+-+-+-+-+-+-+-+- Iteracion 6117  +-+-+-+-+-+-+-+-+-+-+-+-+-+-+-+-+-+-+-+-+-+-+-+-+-

Solucion peor. Costo: 943.286
Lista tabu: [((31,27,7.071),1), ((27,13,18.248),1), ((28,1,25.962),1), ((30,16,19.647),2), ((16,11,17.117),2), ((23,1,84.172),2), ((16,23,23.345),1), ((29,10,31.89),3), ((12,5,8.544),3), ((9,12,16.643),3), ((10,12,29.155),2), ((1,24,78.032),4), ((24,4,7.071),4), ((5,29,12.806),4), ((5,24,29.069),3)]

+-+-+-+-+-+-+-+-+-+-+-+-+-+-+-+-+-+-+-+-+-+-+-+-+- Iteracion 6119  +-+-+-+-+-+-+-+-+-+-+-+-+-+-+-+-+-+-+-+-+-+-+-+-+-


+-+-+-+-+-+-+-+-+-+-+-+-+-+-+-+-+-+-+-+-+-+-+-+-+- Iteracion 6119  +-+-+-+-+-+-+-+-+-+-+-+-+-+-+-+-+-+-+-+-+-+-+-+-+-

Solucion peor. Costo: 942.194
Lista tabu: [((29,10,31.89),1), ((12,5,8.544),1), ((9,12,16.643),1), ((1,24,78.032),2), ((24,4,7.071),2), ((5,29,12.806),2), ((5,24,29.069),1), ((31,27,7.071),5), ((27,13,18.248),5), ((25,17,29.155),5), ((17,8,12.649),5), ((27,25,20.248),4), ((1,31,16.279),4), ((13,2,8.246),4), ((17,13,10.05),4), ((1,13,28.844),3)]

+-+-+-+-+-+-+-+-+-+-+-+-+-+-+-+-+-+-+-+-+-+-+-+-+- Iteracion 6125  +-+-+-+-+-+-+-+-+-+-+-+-+-+-+-+-+-+-+-+-+-+-+-+-+-


+-+-+-+-+-+-+-+-+-+-+-+-+-+-+-+-+-+-+-+-+-+-+-+-+- Iteracion 6125  +-+-+-+-+-+-+-+-+-+-+-+-+-+-+-+-+-+-+-+-+-+-+-+-+-

Solucion peor. Costo: 931.4720000000001
Lista tabu: [((1,25,25.239),1), ((25,27,20.248),1), ((15,28,10.77),1), ((28,1,25.962),1), ((19,9,9.434),1), ((9,12,16.643),1), ((29,10,31.89),1), ((10,23,4.243),1), ((19,9,9.434),2), ((9,12,16.643),2), ((5,29,12.806),2), ((29,10,31.89),2), ((19,29,17.464),1), ((31,17,9.487),3), ((17,13,10.05),3), ((27,8,16.492),3), ((8,17,12.649),2), ((24,4,7.071),4), ((4,3,3.162),4), ((5,29,12.806),4), ((4,29,26.926),3)]

+-+-+-+-+-+-+-+-+-+-+-+-+-+-+-+-+-+-+-+-+-+-+-+-+- Iteracion 6129  +-+-+-+-+-+-+-+-+-+-+-+-+-+-+-+-+-+-+-+-+-+-+-+-+-


+-+-+-+-+-+-+-+-+-+-+-+-+-+-+-+-+-+-+-+-+-+-+-+-+- Iteracion 6129  +-+-+-+-+-+-+-+-+-+-+-+-+-+-+-+-+-+-+-+-+-+-+-+-+-

Solucion peor. Costo: 928.5040000000001
Lista tabu: [((2,14,22.472),3), ((14,1,51.039),3), ((27,8,16.492),3), ((8,7,27.514),3), ((2,8,13.0),2), ((22,18,13.892),2), ((18,20,2.236),2), ((14,7,26.476),2), ((14,18,24.042),1), ((28,27,26.926),3), ((25,1,25.239),3), ((15,25,3.0),3), ((27,25,20.248),2), ((1,28,25.962),4), ((28,27,26.926),4), ((7,15,29.155),4), ((15,25,3.0),4), ((1,15,27.019),3)]

+-+-+-+-+-+-+-+-+-+-+-+-+-+-+-+-+-+-+-+-+-+-+-+-+- Iteracion 6133  +-+-+-+-+-+-+-+-+-+-+-+-+-+-+-+-+-+-+-+-+-+-+-+-+-


+-+-+-+-+-+-+-+-+-+-+-+-+-+-+-+-+-+-+-+-+-+-+-+-+- Iteracion 6133  +-+-+-+-+-+-+-+-+-+-+-+-+-+-+-+-+-+-+-+-+-+-+-+-+-

Solucion peor. Costo: 911.4380000000001
Lista tabu: [((8,1,37.054),3), ((17,13,10.05),3), ((31,17,9.487),3), ((8,17,12.649),2), ((28,27,26.926),2), ((15,25,3.0),2), ((7,15,29.155),2), ((15,27,19.416),1), ((23,1,84.172),3), ((19,9,9.434),3), ((1,19,76.844),3), ((19,23,17.205),2), ((30,16,19.647),4), ((16,11,17.117),4), ((10,23,4.243),4), ((10,16,26.019),3)]

+-+-+-+-+-+-+-+-+-+-+-+-+-+-+-+-+-+-+-+-+-+-+-+-+- Iteracion 6137  +-+-+-+-+-+-+-+-+-+-+-+-+-+-+-+-+-+-+-+-+-+-+-+-+-


+-+-+-+-+-+-+-+-+-+-+-+-+-+-+-+-+-+-+-+-+-+-+-+-+- Iteracion 6137  +-+-+-+-+-+-+-+-+-+-+-+-+-+-+-+-+-+-+-+-+-+-+-+-+-

Solucion peor. Costo: 910.9940000000001
Lista tabu: [((1,28,25.962),3), ((28,27,26.926),3), ((21,1,36.235),3), ((21,28,25.0),2), ((18,20,2.236),2), ((20,32,5.385),2), ((14,7,26.476),2), ((14,20,23.77),1), ((1,27,21.095),3), ((27,14,30.265),3), ((17,1,25.71),3), ((27,17,8.944),2), ((1,30,62.29),4), ((6,21,21.378),4), ((26,6,21.541),4), ((30,6,21.024),3)]

+-+-+-+-+-+-+-+-+-+-+-+-+-+-+-+-+-+-+-+-+-+-+-+-+- Iteracion 6147  +-+-+-+-+-+-+-+-+-+-+-+-+-+-+-+-+-+-+-+-+-+-+-+-+-


+-+-+-+-+-+-+-+-+-+-+-+-+-+-+-+-+-+-+-+-+-+-+-+-+- Iteracion 6147  +-+-+-+-+-+-+-+-+-+-+-+-+-+-+-+-+-+-+-+-+-+-+-+-+-

Solucion peor. Costo: 905.0520000000001
Lista tabu: [((1,24,78.032),1), ((24,4,7.071),1), ((5,29,12.806),1), ((1,24,78.032),2), ((24,4,7.071),2), ((5,29,12.806),2), ((24,29,19.925),1), ((3,22,48.836),3), ((22,18,13.892),3), ((2,8,13.0),3), ((2,22,30.067),2), ((30,16,19.647),4), ((16,11,17.117),4), ((23,1,84.172),4), ((16,23,23.345),3)]

+-+-+-+-+-+-+-+-+-+-+-+-+-+-+-+-+-+-+-+-+-+-+-+-+- Iteracion 6155  +-+-+-+-+-+-+-+-+-+-+-+-+-+-+-+-+-+-+-+-+-+-+-+-+-


+-+-+-+-+-+-+-+-+-+-+-+-+-+-+-+-+-+-+-+-+-+-+-+-+- Iteracion 6155  +-+-+-+-+-+-+-+-+-+-+-+-+-+-+-+-+-+-+-+-+-+-+-+-+-

Solucion peor. Costo: 902.8530000000001
Lista tabu: [((14,7,26.476),1), ((7,15,29.155),1), ((3,22,48.836),1), ((22,18,13.892),1), ((29,10,31.89),2), ((9,12,16.643),2), ((19,9,9.434),2), ((29,9,12.728),1), ((28,1,25.962),3), ((31,27,7.071),3), ((1,31,16.279),3), ((31,28,29.411),2), ((28,1,25.962),4), ((31,27,7.071),4), ((1,31,16.279),4), ((31,28,29.411),3)]

+-+-+-+-+-+-+-+-+-+-+-+-+-+-+-+-+-+-+-+-+-+-+-+-+- Iteracion 6170  +-+-+-+-+-+-+-+-+-+-+-+-+-+-+-+-+-+-+-+-+-+-+-+-+-


+-+-+-+-+-+-+-+-+-+-+-+-+-+-+-+-+-+-+-+-+-+-+-+-+- Iteracion 6170  +-+-+-+-+-+-+-+-+-+-+-+-+-+-+-+-+-+-+-+-+-+-+-+-+-

Solucion peor. Costo: 888.0610000000001
Lista tabu: [((7,15,29.155),1), ((27,14,30.265),1), ((1,27,21.095),1), ((1,27,21.095),2), ((25,28,8.062),2), ((15,25,3.0),2), ((27,25,20.248),1), ((24,4,7.071),3), ((4,3,3.162),3), ((5,29,12.806),3), ((4,29,26.926),2), ((1,27,21.095),4), ((25,28,8.062),4), ((15,25,3.0),4), ((27,25,20.248),3)]

+-+-+-+-+-+-+-+-+-+-+-+-+-+-+-+-+-+-+-+-+-+-+-+-+- Iteracion 6474  +-+-+-+-+-+-+-+-+-+-+-+-+-+-+-+-+-+-+-+-+-+-+-+-+-


+-+-+-+-+-+-+-+-+-+-+-+-+-+-+-+-+-+-+-+-+-+-+-+-+- Iteracion 6474  +-+-+-+-+-+-+-+-+-+-+-+-+-+-+-+-+-+-+-+-+-+-+-+-+-

Solucion peor. Costo: 971.9799999999999
Lista tabu: [((29,10,31.89),4), ((19,9,9.434),4), ((1,19,76.844),4), ((19,29,17.464),3)]

+-+-+-+-+-+-+-+-+-+-+-+-+-+-+-+-+-+-+-+-+-+-+-+-+- Iteracion 6476  +-+-+-+-+-+-+-+-+-+-+-+-+-+-+-+-+-+-+-+-+-+-+-+-+-


+-+-+-+-+-+-+-+-+-+-+-+-+-+-+-+-+-+-+-+-+-+-+-+-+- Iteracion 6476  +-+-+-+-+-+-+-+-+-+-+-+-+-+-+-+-+-+-+-+-+-+-+-+-+-

Solucion peor. Costo: 968.9309999999998
Lista tabu: [((29,10,31.89),2), ((19,9,9.434),2), ((1,19,76.844),2), ((19,29,17.464),1), ((14,7,26.476),5), ((7,27,33.302),5), ((4,22,49.366),5), ((4,7,23.77),4), ((5,3,37.054),4), ((3,29,28.792),4), ((4,7,23.77),4), ((7,22,43.081),4), ((3,4,3.162),3)]

+-+-+-+-+-+-+-+-+-+-+-+-+-+-+-+-+-+-+-+-+-+-+-+-+- Iteracion 6485  +-+-+-+-+-+-+-+-+-+-+-+-+-+-+-+-+-+-+-+-+-+-+-+-+-


+-+-+-+-+-+-+-+-+-+-+-+-+-+-+-+-+-+-+-+-+-+-+-+-+- Iteracion 6485  +-+-+-+-+-+-+-+-+-+-+-+-+-+-+-+-+-+-+-+-+-+-+-+-+-

Solucion peor. Costo: 953.75
Lista tabu: [((5,3,37.054),1), ((3,29,28.792),1), ((4,7,23.77),1), ((7,22,43.081),1), ((25,28,8.062),2), ((28,1,25.962),2), ((6,21,21.378),2), ((21,28,25.0),1), ((15,25,3.0),3), ((25,28,8.062),3), ((17,31,9.487),3), ((25,17,29.155),2), ((1,27,21.095),4), ((27,2,19.416),4), ((17,31,9.487),4), ((27,17,8.944),3)]

+-+-+-+-+-+-+-+-+-+-+-+-+-+-+-+-+-+-+-+-+-+-+-+-+- Iteracion 6488  +-+-+-+-+-+-+-+-+-+-+-+-+-+-+-+-+-+-+-+-+-+-+-+-+-


+-+-+-+-+-+-+-+-+-+-+-+-+-+-+-+-+-+-+-+-+-+-+-+-+- Iteracion 6488  +-+-+-+-+-+-+-+-+-+-+-+-+-+-+-+-+-+-+-+-+-+-+-+-+-

Solucion peor. Costo: 936.5740000000001
Lista tabu: [((1,27,21.095),1), ((27,2,19.416),1), ((17,31,9.487),1), ((1,9,85.604),4), ((9,12,16.643),4), ((5,3,37.054),4), ((3,29,28.792),4), ((9,29,12.728),3), ((1,13,28.844),3), ((17,31,9.487),3), ((8,17,12.649),3), ((1,17,25.71),2), ((4,7,23.77),4), ((7,22,43.081),4), ((8,17,12.649),4), ((8,7,27.514),3)]

+-+-+-+-+-+-+-+-+-+-+-+-+-+-+-+-+-+-+-+-+-+-+-+-+- Iteracion 6493  +-+-+-+-+-+-+-+-+-+-+-+-+-+-+-+-+-+-+-+-+-+-+-+-+-


+-+-+-+-+-+-+-+-+-+-+-+-+-+-+-+-+-+-+-+-+-+-+-+-+- Iteracion 6493  +-+-+-+-+-+-+-+-+-+-+-+-+-+-+-+-+-+-+-+-+-+-+-+-+-

Solucion peor. Costo: 929.8810000000001
Lista tabu: [((13,8,19.105),2), ((8,17,12.649),2), ((2,14,22.472),2), ((2,8,13.0),1), ((24,4,7.071),1), ((4,7,23.77),1), ((9,29,12.728),1), ((29,19,17.464),1), ((1,27,21.095),2), ((27,2,19.416),2), ((17,31,9.487),2), ((31,27,7.071),1), ((1,27,21.095),3), ((25,28,8.062),3), ((15,25,3.0),3), ((27,25,20.248),2), ((28,1,25.962),4), ((27,2,19.416),4), ((1,27,21.095),4), ((27,28,26.926),3)]

+-+-+-+-+-+-+-+-+-+-+-+-+-+-+-+-+-+-+-+-+-+-+-+-+- Iteracion 6497  +-+-+-+-+-+-+-+-+-+-+-+-+-+-+-+-+-+-+-+-+-+-+-+-+-


+-+-+-+-+-+-+-+-+-+-+-+-+-+-+-+-+-+-+-+-+-+-+-+-+- Iteracion 6497  +-+-+-+-+-+-+-+-+-+-+-+-+-+-+-+-+-+-+-+-+-+-+-+-+-

Solucion peor. Costo: 925.5880000000001
Lista tabu: [((19,10,18.385),3), ((9,29,12.728),3), ((5,9,17.029),3), ((10,9,19.209),2), ((28,1,25.962),2), ((27,2,19.416),2), ((1,27,21.095),2), ((27,28,26.926),1), ((9,10,19.209),3), ((12,5,8.544),3), ((3,12,45.277),3), ((12,10,29.155),2), ((8,14,14.0),4), ((14,15,41.049),4), ((7,22,43.081),4), ((22,18,13.892),4), ((8,22,28.653),3)]

+-+-+-+-+-+-+-+-+-+-+-+-+-+-+-+-+-+-+-+-+-+-+-+-+- Iteracion 6499  +-+-+-+-+-+-+-+-+-+-+-+-+-+-+-+-+-+-+-+-+-+-+-+-+-


+-+-+-+-+-+-+-+-+-+-+-+-+-+-+-+-+-+-+-+-+-+-+-+-+- Iteracion 6499  +-+-+-+-+-+-+-+-+-+-+-+-+-+-+-+-+-+-+-+-+-+-+-+-+-

Solucion peor. Costo: 917.0709999999999
Lista tabu: [((19,10,18.385),1), ((9,29,12.728),1), ((5,9,17.029),1), ((9,10,19.209),1), ((12,5,8.544),1), ((3,12,45.277),1), ((8,14,14.0),2), ((14,15,41.049),2), ((7,22,43.081),2), ((22,18,13.892),2), ((8,22,28.653),1), ((23,1,84.172),5), ((19,9,9.434),5), ((29,19,17.464),5), ((23,19,17.205),4), ((25,28,8.062),4), ((28,1,25.962),4), ((6,21,21.378),4), ((21,28,25.0),3)]

+-+-+-+-+-+-+-+-+-+-+-+-+-+-+-+-+-+-+-+-+-+-+-+-+- Iteracion 6501  +-+-+-+-+-+-+-+-+-+-+-+-+-+-+-+-+-+-+-+-+-+-+-+-+-


+-+-+-+-+-+-+-+-+-+-+-+-+-+-+-+-+-+-+-+-+-+-+-+-+- Iteracion 6501  +-+-+-+-+-+-+-+-+-+-+-+-+-+-+-+-+-+-+-+-+-+-+-+-+-

Solucion peor. Costo: 915.0930000000001
Lista tabu: [((23,1,84.172),3), ((19,9,9.434),3), ((29,19,17.464),3), ((23,19,17.205),2), ((25,28,8.062),2), ((28,1,25.962),2), ((6,21,21.378),2), ((21,28,25.0),1), ((8,14,14.0),5), ((14,15,41.049),5), ((4,7,23.77),5), ((7,22,43.081),5), ((8,7,27.514),4), ((2,8,13.0),4), ((8,7,27.514),4), ((4,14,38.91),4), ((14,22,17.804),4), ((2,14,22.472),3)]

+-+-+-+-+-+-+-+-+-+-+-+-+-+-+-+-+-+-+-+-+-+-+-+-+- Iteracion 6509  +-+-+-+-+-+-+-+-+-+-+-+-+-+-+-+-+-+-+-+-+-+-+-+-+-


+-+-+-+-+-+-+-+-+-+-+-+-+-+-+-+-+-+-+-+-+-+-+-+-+- Iteracion 6509  +-+-+-+-+-+-+-+-+-+-+-+-+-+-+-+-+-+-+-+-+-+-+-+-+-

Solucion peor. Costo: 907.9950000000001
Lista tabu: [((1,27,21.095),1), ((15,25,3.0),1), ((7,15,29.155),1), ((7,15,29.155),2), ((27,2,19.416),2), ((1,27,21.095),2), ((27,15,19.416),1), ((1,27,21.095),3), ((15,25,3.0),3), ((7,15,29.155),3), ((1,15,27.019),2), ((2,8,13.0),4), ((8,7,27.514),4), ((22,18,13.892),4), ((18,20,2.236),4), ((8,22,28.653),3)]

+-+-+-+-+-+-+-+-+-+-+-+-+-+-+-+-+-+-+-+-+-+-+-+-+- Iteracion 6518  +-+-+-+-+-+-+-+-+-+-+-+-+-+-+-+-+-+-+-+-+-+-+-+-+-


+-+-+-+-+-+-+-+-+-+-+-+-+-+-+-+-+-+-+-+-+-+-+-+-+- Iteracion 6518  +-+-+-+-+-+-+-+-+-+-+-+-+-+-+-+-+-+-+-+-+-+-+-+-+-

Solucion peor. Costo: 901.6870000000001
Lista tabu: [((2,17,10.63),1), ((17,31,9.487),1), ((27,8,16.492),1), ((17,31,9.487),2), ((31,1,16.279),2), ((28,1,25.962),2), ((31,28,29.411),1), ((1,13,28.844),3), ((13,2,8.246),3), ((20,14,23.77),3), ((14,1,51.039),3), ((2,14,22.472),2), ((5,29,12.806),4), ((19,1,76.844),4), ((23,19,17.205),4), ((5,19,25.71),3)]

+-+-+-+-+-+-+-+-+-+-+-+-+-+-+-+-+-+-+-+-+-+-+-+-+- Iteracion 6542  +-+-+-+-+-+-+-+-+-+-+-+-+-+-+-+-+-+-+-+-+-+-+-+-+-


+-+-+-+-+-+-+-+-+-+-+-+-+-+-+-+-+-+-+-+-+-+-+-+-+- Iteracion 6542  +-+-+-+-+-+-+-+-+-+-+-+-+-+-+-+-+-+-+-+-+-+-+-+-+-

Solucion peor. Costo: 892.528
Lista tabu: [((1,27,21.095),1), ((25,28,8.062),1), ((15,25,3.0),1), ((26,6,21.541),2), ((30,16,19.647),2), ((1,30,62.29),2), ((26,30,29.155),1), ((1,3,77.878),3), ((3,29,28.792),3), ((4,32,49.092),3), ((32,22,9.0),3), ((3,4,3.162),2), ((1,30,62.29),4), ((6,21,21.378),4), ((26,6,21.541),4), ((30,6,21.024),3)]

+-+-+-+-+-+-+-+-+-+-+-+-+-+-+-+-+-+-+-+-+-+-+-+-+- Iteracion 6598  +-+-+-+-+-+-+-+-+-+-+-+-+-+-+-+-+-+-+-+-+-+-+-+-+-


+-+-+-+-+-+-+-+-+-+-+-+-+-+-+-+-+-+-+-+-+-+-+-+-+- Iteracion 6598  +-+-+-+-+-+-+-+-+-+-+-+-+-+-+-+-+-+-+-+-+-+-+-+-+-

Solucion peor. Costo: 891.2610000000001
Lista tabu: [((25,28,8.062),1), ((28,1,25.962),1), ((6,21,21.378),1), ((7,15,29.155),2), ((27,8,16.492),2), ((1,27,21.095),2), ((15,27,19.416),1), ((25,28,8.062),3), ((28,1,25.962),3), ((6,21,21.378),3), ((21,28,25.0),2), ((27,8,16.492),4), ((8,7,27.514),4), ((2,17,10.63),4), ((2,8,13.0),3)]

+-+-+-+-+-+-+-+-+-+-+-+-+-+-+-+-+-+-+-+-+-+-+-+-+- Iteracion 6900  +-+-+-+-+-+-+-+-+-+-+-+-+-+-+-+-+-+-+-+-+-+-+-+-+-


+-+-+-+-+-+-+-+-+-+-+-+-+-+-+-+-+-+-+-+-+-+-+-+-+- Iteracion 6900  +-+-+-+-+-+-+-+-+-+-+-+-+-+-+-+-+-+-+-+-+-+-+-+-+-

Solucion peor. Costo: 949.2420000000002
Lista tabu: [((5,9,17.029),4), ((9,19,9.434),4), ((1,24,78.032),4), ((24,4,7.071),4), ((5,24,29.069),3)]

+-+-+-+-+-+-+-+-+-+-+-+-+-+-+-+-+-+-+-+-+-+-+-+-+- Iteracion 6902  +-+-+-+-+-+-+-+-+-+-+-+-+-+-+-+-+-+-+-+-+-+-+-+-+-


+-+-+-+-+-+-+-+-+-+-+-+-+-+-+-+-+-+-+-+-+-+-+-+-+- Iteracion 6902  +-+-+-+-+-+-+-+-+-+-+-+-+-+-+-+-+-+-+-+-+-+-+-+-+-

Solucion peor. Costo: 941.1170000000002
Lista tabu: [((5,9,17.029),2), ((9,19,9.434),2), ((1,24,78.032),2), ((24,4,7.071),2), ((5,24,29.069),1), ((3,29,28.792),5), ((24,19,32.527),5), ((5,24,29.069),5), ((3,24,8.944),4), ((1,27,21.095),4), ((28,31,29.411),4), ((25,28,8.062),4), ((1,28,25.962),3)]

+-+-+-+-+-+-+-+-+-+-+-+-+-+-+-+-+-+-+-+-+-+-+-+-+- Iteracion 6905  +-+-+-+-+-+-+-+-+-+-+-+-+-+-+-+-+-+-+-+-+-+-+-+-+-


+-+-+-+-+-+-+-+-+-+-+-+-+-+-+-+-+-+-+-+-+-+-+-+-+- Iteracion 6905  +-+-+-+-+-+-+-+-+-+-+-+-+-+-+-+-+-+-+-+-+-+-+-+-+-

Solucion peor. Costo: 933.5590000000002
Lista tabu: [((3,29,28.792),2), ((24,19,32.527),2), ((5,24,29.069),2), ((3,24,8.944),1), ((1,27,21.095),1), ((28,31,29.411),1), ((25,28,8.062),1), ((27,8,16.492),4), ((31,1,16.279),4), ((28,31,29.411),4), ((8,31,21.024),3), ((1,30,62.29),3), ((6,21,21.378),3), ((26,6,21.541),3), ((30,6,21.024),2), ((31,8,21.024),4), ((8,7,27.514),4), ((2,17,10.63),4), ((2,8,13.0),3)]

+-+-+-+-+-+-+-+-+-+-+-+-+-+-+-+-+-+-+-+-+-+-+-+-+- Iteracion 6928  +-+-+-+-+-+-+-+-+-+-+-+-+-+-+-+-+-+-+-+-+-+-+-+-+-


+-+-+-+-+-+-+-+-+-+-+-+-+-+-+-+-+-+-+-+-+-+-+-+-+- Iteracion 6928  +-+-+-+-+-+-+-+-+-+-+-+-+-+-+-+-+-+-+-+-+-+-+-+-+-

Solucion peor. Costo: 931.7690000000002
Lista tabu: [((31,8,21.024),1), ((8,7,27.514),1), ((13,2,8.246),1), ((1,13,28.844),2), ((27,1,21.095),2), ((17,27,8.944),2), ((13,27,18.248),1), ((1,31,16.279),3), ((31,8,21.024),3), ((2,17,10.63),3), ((17,27,8.944),3), ((31,2,19.416),2), ((26,6,21.541),4), ((30,16,19.647),4), ((1,30,62.29),4), ((26,30,29.155),3)]

+-+-+-+-+-+-+-+-+-+-+-+-+-+-+-+-+-+-+-+-+-+-+-+-+- Iteracion 6933  +-+-+-+-+-+-+-+-+-+-+-+-+-+-+-+-+-+-+-+-+-+-+-+-+-


+-+-+-+-+-+-+-+-+-+-+-+-+-+-+-+-+-+-+-+-+-+-+-+-+- Iteracion 6933  +-+-+-+-+-+-+-+-+-+-+-+-+-+-+-+-+-+-+-+-+-+-+-+-+-

Solucion peor. Costo: 929.5700000000002
Lista tabu: [((17,27,8.944),2), ((27,1,21.095),2), ((31,8,21.024),2), ((27,8,16.492),1), ((7,15,29.155),1), ((31,27,7.071),1), ((1,31,16.279),1), ((28,1,25.962),2), ((27,8,16.492),2), ((31,27,7.071),2), ((27,28,26.926),1), ((27,8,16.492),3), ((8,7,27.514),3), ((22,14,17.804),3), ((14,1,51.039),3), ((7,14,26.476),2), ((9,4,38.484),4), ((4,32,49.092),4), ((3,24,8.944),4), ((24,29,19.925),4), ((4,29,26.926),3)]

+-+-+-+-+-+-+-+-+-+-+-+-+-+-+-+-+-+-+-+-+-+-+-+-+- Iteracion 6988  +-+-+-+-+-+-+-+-+-+-+-+-+-+-+-+-+-+-+-+-+-+-+-+-+-


+-+-+-+-+-+-+-+-+-+-+-+-+-+-+-+-+-+-+-+-+-+-+-+-+- Iteracion 6988  +-+-+-+-+-+-+-+-+-+-+-+-+-+-+-+-+-+-+-+-+-+-+-+-+-

Solucion peor. Costo: 919.9870000000001
Lista tabu: [((1,13,28.844),1), ((17,31,9.487),1), ((2,17,10.63),1), ((1,27,21.095),2), ((25,28,8.062),2), ((15,25,3.0),2), ((27,25,20.248),1), ((17,31,9.487),3), ((31,1,16.279),3), ((1,27,21.095),3), ((27,8,16.492),3), ((17,27,8.944),2), ((25,28,8.062),4), ((28,1,25.962),4), ((31,1,16.279),4), ((28,31,29.411),3)]

+-+-+-+-+-+-+-+-+-+-+-+-+-+-+-+-+-+-+-+-+-+-+-+-+- Iteracion 7290  +-+-+-+-+-+-+-+-+-+-+-+-+-+-+-+-+-+-+-+-+-+-+-+-+-


+-+-+-+-+-+-+-+-+-+-+-+-+-+-+-+-+-+-+-+-+-+-+-+-+- Iteracion 7290  +-+-+-+-+-+-+-+-+-+-+-+-+-+-+-+-+-+-+-+-+-+-+-+-+-

Solucion peor. Costo: 984.5419999999999
Lista tabu: [((25,28,8.062),4), ((28,1,25.962),4), ((6,21,21.378),4), ((28,21,25.0),3)]

+-+-+-+-+-+-+-+-+-+-+-+-+-+-+-+-+-+-+-+-+-+-+-+-+- Iteracion 7295  +-+-+-+-+-+-+-+-+-+-+-+-+-+-+-+-+-+-+-+-+-+-+-+-+-


+-+-+-+-+-+-+-+-+-+-+-+-+-+-+-+-+-+-+-+-+-+-+-+-+- Iteracion 7295  +-+-+-+-+-+-+-+-+-+-+-+-+-+-+-+-+-+-+-+-+-+-+-+-+-

Solucion peor. Costo: 976.2529999999999
Lista tabu: [((29,12,18.682),2), ((9,1,85.604),2), ((10,9,19.209),2), ((9,12,16.643),1), ((3,24,8.944),1), ((24,29,19.925),1), ((8,7,27.514),1), ((27,8,16.492),2), ((8,7,27.514),2), ((22,14,17.804),2), ((14,1,51.039),2), ((8,22,28.653),1), ((17,31,9.487),3), ((31,1,16.279),3), ((1,27,21.095),3), ((27,8,16.492),3), ((17,27,8.944),2), ((2,17,10.63),4), ((17,31,9.487),4), ((25,1,25.239),4), ((25,17,29.155),3)]

+-+-+-+-+-+-+-+-+-+-+-+-+-+-+-+-+-+-+-+-+-+-+-+-+- Iteracion 7297  +-+-+-+-+-+-+-+-+-+-+-+-+-+-+-+-+-+-+-+-+-+-+-+-+-


+-+-+-+-+-+-+-+-+-+-+-+-+-+-+-+-+-+-+-+-+-+-+-+-+- Iteracion 7297  +-+-+-+-+-+-+-+-+-+-+-+-+-+-+-+-+-+-+-+-+-+-+-+-+-

Solucion peor. Costo: 975.8379999999999
Lista tabu: [((17,31,9.487),1), ((31,1,16.279),1), ((1,27,21.095),1), ((27,8,16.492),1), ((2,17,10.63),2), ((17,31,9.487),2), ((25,1,25.239),2), ((25,17,29.155),1), ((5,10,33.838),5), ((9,12,16.643),5), ((29,9,12.728),5), ((10,9,19.209),4), ((22,14,17.804),4), ((14,1,51.039),4), ((8,7,27.514),4), ((7,14,26.476),3)]

+-+-+-+-+-+-+-+-+-+-+-+-+-+-+-+-+-+-+-+-+-+-+-+-+- Iteracion 7300  +-+-+-+-+-+-+-+-+-+-+-+-+-+-+-+-+-+-+-+-+-+-+-+-+-


+-+-+-+-+-+-+-+-+-+-+-+-+-+-+-+-+-+-+-+-+-+-+-+-+- Iteracion 7300  +-+-+-+-+-+-+-+-+-+-+-+-+-+-+-+-+-+-+-+-+-+-+-+-+-

Solucion peor. Costo: 961.7289999999999
Lista tabu: [((5,10,33.838),2), ((9,12,16.643),2), ((29,9,12.728),2), ((10,9,19.209),1), ((22,14,17.804),1), ((14,1,51.039),1), ((8,7,27.514),1), ((1,30,62.29),4), ((30,16,19.647),4), ((6,28,34.409),4), ((28,21,25.0),4), ((6,30,21.024),3), ((23,4,55.606),3), ((4,32,49.092),3), ((3,24,8.944),3), ((24,29,19.925),3), ((4,29,26.926),2), ((1,27,21.095),4), ((15,25,3.0),4), ((7,15,29.155),4), ((1,15,27.019),3)]

+-+-+-+-+-+-+-+-+-+-+-+-+-+-+-+-+-+-+-+-+-+-+-+-+- Iteracion 7321  +-+-+-+-+-+-+-+-+-+-+-+-+-+-+-+-+-+-+-+-+-+-+-+-+-


+-+-+-+-+-+-+-+-+-+-+-+-+-+-+-+-+-+-+-+-+-+-+-+-+- Iteracion 7321  +-+-+-+-+-+-+-+-+-+-+-+-+-+-+-+-+-+-+-+-+-+-+-+-+-

Solucion peor. Costo: 958.939
Lista tabu: [((27,8,16.492),1), ((8,7,27.514),1), ((2,17,10.63),1), ((22,14,17.804),2), ((14,1,51.039),2), ((27,8,16.492),2), ((8,14,14.0),1), ((1,19,76.844),3), ((19,23,17.205),3), ((5,9,17.029),3), ((5,19,25.71),2), ((3,24,8.944),4), ((24,29,19.925),4), ((23,4,55.606),4), ((24,4,7.071),3)]

+-+-+-+-+-+-+-+-+-+-+-+-+-+-+-+-+-+-+-+-+-+-+-+-+- Iteracion 7547  +-+-+-+-+-+-+-+-+-+-+-+-+-+-+-+-+-+-+-+-+-+-+-+-+-


+-+-+-+-+-+-+-+-+-+-+-+-+-+-+-+-+-+-+-+-+-+-+-+-+- Iteracion 7547  +-+-+-+-+-+-+-+-+-+-+-+-+-+-+-+-+-+-+-+-+-+-+-+-+-

Solucion peor. Costo: 920.539
Lista tabu: [((10,19,18.385),1), ((19,1,76.844),1), ((1,23,84.172),1), ((26,6,21.541),2), ((30,11,20.809),2), ((16,30,19.647),2), ((6,30,21.024),1), ((5,9,17.029),3), ((19,1,76.844),3), ((10,19,18.385),3), ((19,5,25.71),2), ((13,2,8.246),4), ((2,17,10.63),4), ((22,14,17.804),4), ((14,1,51.039),4), ((2,22,30.067),3)]

+-+-+-+-+-+-+-+-+-+-+-+-+-+-+-+-+-+-+-+-+-+-+-+-+- Iteracion 7559  +-+-+-+-+-+-+-+-+-+-+-+-+-+-+-+-+-+-+-+-+-+-+-+-+-


+-+-+-+-+-+-+-+-+-+-+-+-+-+-+-+-+-+-+-+-+-+-+-+-+- Iteracion 7559  +-+-+-+-+-+-+-+-+-+-+-+-+-+-+-+-+-+-+-+-+-+-+-+-+-

Solucion peor. Costo: 894.42
Lista tabu: [((5,9,17.029),1), ((29,12,18.682),1), ((24,29,19.925),1), ((22,14,17.804),2), ((18,20,2.236),2), ((32,18,7.616),2), ((14,18,24.042),1), ((10,19,18.385),3), ((19,1,76.844),3), ((28,23,58.592),3), ((23,19,17.205),2), ((3,24,8.944),4), ((24,29,19.925),4), ((1,4,75.584),4), ((24,4,7.071),3)]

+-+-+-+-+-+-+-+-+-+-+-+-+-+-+-+-+-+-+-+-+-+-+-+-+- Iteracion 7567  +-+-+-+-+-+-+-+-+-+-+-+-+-+-+-+-+-+-+-+-+-+-+-+-+-


+-+-+-+-+-+-+-+-+-+-+-+-+-+-+-+-+-+-+-+-+-+-+-+-+- Iteracion 7567  +-+-+-+-+-+-+-+-+-+-+-+-+-+-+-+-+-+-+-+-+-+-+-+-+-

Solucion peor. Costo: 881.8829999999999
Lista tabu: [((1,27,21.095),1), ((15,25,3.0),1), ((8,15,30.48),1), ((1,13,28.844),2), ((17,31,9.487),2), ((2,17,10.63),2), ((1,17,25.71),1), ((10,19,18.385),3), ((19,1,76.844),3), ((28,23,58.592),3), ((23,19,17.205),2), ((26,6,21.541),4), ((30,11,20.809),4), ((16,30,19.647),4), ((6,30,21.024),3)]

+-+-+-+-+-+-+-+-+-+-+-+-+-+-+-+-+-+-+-+-+-+-+-+-+- Iteracion 7582  +-+-+-+-+-+-+-+-+-+-+-+-+-+-+-+-+-+-+-+-+-+-+-+-+-


+-+-+-+-+-+-+-+-+-+-+-+-+-+-+-+-+-+-+-+-+-+-+-+-+- Iteracion 7582  +-+-+-+-+-+-+-+-+-+-+-+-+-+-+-+-+-+-+-+-+-+-+-+-+-

Solucion peor. Costo: 874.9189999999999
Lista tabu: [((1,27,21.095),1), ((27,15,19.416),1), ((1,28,25.962),1), ((22,14,17.804),2), ((14,1,51.039),2), ((2,8,13.0),2), ((8,17,12.649),2), ((14,17,26.306),1), ((13,2,8.246),3), ((2,8,13.0),3), ((22,14,17.804),3), ((14,1,51.039),3), ((2,22,30.067),2), ((10,19,18.385),4), ((19,1,76.844),4), ((28,23,58.592),4), ((23,19,17.205),3)]

+-+-+-+-+-+-+-+-+-+-+-+-+-+-+-+-+-+-+-+-+-+-+-+-+- Iteracion 7885  +-+-+-+-+-+-+-+-+-+-+-+-+-+-+-+-+-+-+-+-+-+-+-+-+-


+-+-+-+-+-+-+-+-+-+-+-+-+-+-+-+-+-+-+-+-+-+-+-+-+- Iteracion 7885  +-+-+-+-+-+-+-+-+-+-+-+-+-+-+-+-+-+-+-+-+-+-+-+-+-

Solucion peor. Costo: 907.7009999999998
Lista tabu: [((27,31,7.071),4), ((8,17,12.649),4), ((2,8,13.0),4), ((31,8,21.024),3)]

+-+-+-+-+-+-+-+-+-+-+-+-+-+-+-+-+-+-+-+-+-+-+-+-+- Iteracion 7892  +-+-+-+-+-+-+-+-+-+-+-+-+-+-+-+-+-+-+-+-+-+-+-+-+-


+-+-+-+-+-+-+-+-+-+-+-+-+-+-+-+-+-+-+-+-+-+-+-+-+- Iteracion 7892  +-+-+-+-+-+-+-+-+-+-+-+-+-+-+-+-+-+-+-+-+-+-+-+-+-

Solucion peor. Costo: 900.8639999999997
Lista tabu: [((5,9,17.029),1), ((19,1,76.844),1), ((10,19,18.385),1), ((1,7,51.884),2), ((7,4,23.77),2), ((1,15,27.019),2), ((7,15,29.155),1), ((1,27,21.095),3), ((27,13,18.248),3), ((28,1,25.962),3), ((27,28,26.926),2), ((1,27,21.095),4), ((17,8,12.649),4), ((2,17,10.63),4), ((1,17,25.71),3)]

+-+-+-+-+-+-+-+-+-+-+-+-+-+-+-+-+-+-+-+-+-+-+-+-+- Iteracion 7915  +-+-+-+-+-+-+-+-+-+-+-+-+-+-+-+-+-+-+-+-+-+-+-+-+-


+-+-+-+-+-+-+-+-+-+-+-+-+-+-+-+-+-+-+-+-+-+-+-+-+- Iteracion 7915  +-+-+-+-+-+-+-+-+-+-+-+-+-+-+-+-+-+-+-+-+-+-+-+-+-

Solucion peor. Costo: 898.168
Lista tabu: [((1,27,21.095),1), ((27,8,16.492),1), ((25,1,25.239),1), ((2,17,10.63),2), ((17,31,9.487),2), ((1,15,27.019),2), ((17,15,28.16),1), ((1,7,51.884),3), ((14,1,51.039),3), ((22,14,17.804),3), ((7,14,26.476),2), ((5,9,17.029),4), ((19,1,76.844),4), ((10,19,18.385),4), ((19,5,25.71),3)]

+-+-+-+-+-+-+-+-+-+-+-+-+-+-+-+-+-+-+-+-+-+-+-+-+- Iteracion 7929  +-+-+-+-+-+-+-+-+-+-+-+-+-+-+-+-+-+-+-+-+-+-+-+-+-


+-+-+-+-+-+-+-+-+-+-+-+-+-+-+-+-+-+-+-+-+-+-+-+-+- Iteracion 7929  +-+-+-+-+-+-+-+-+-+-+-+-+-+-+-+-+-+-+-+-+-+-+-+-+-

Solucion peor. Costo: 893.1540000000001
Lista tabu: [((1,27,21.095),1), ((27,17,8.944),1), ((25,1,25.239),1), ((27,17,8.944),2), ((17,13,10.05),2), ((8,31,21.024),2), ((31,1,16.279),2), ((31,13,15.264),1), ((7,4,23.77),3), ((4,32,49.092),3), ((3,24,8.944),3), ((24,29,19.925),3), ((4,29,26.926),2), ((1,7,51.884),4), ((14,1,51.039),4), ((22,14,17.804),4), ((7,14,26.476),3)]

+-+-+-+-+-+-+-+-+-+-+-+-+-+-+-+-+-+-+-+-+-+-+-+-+- Iteracion 7934  +-+-+-+-+-+-+-+-+-+-+-+-+-+-+-+-+-+-+-+-+-+-+-+-+-


+-+-+-+-+-+-+-+-+-+-+-+-+-+-+-+-+-+-+-+-+-+-+-+-+- Iteracion 7934  +-+-+-+-+-+-+-+-+-+-+-+-+-+-+-+-+-+-+-+-+-+-+-+-+-

Solucion peor. Costo: 889.1650000000001
Lista tabu: [((21,28,25.0),2), ((28,1,25.962),2), ((1,15,27.019),2), ((28,15,10.77),1), ((1,28,25.962),1), ((28,15,10.77),1), ((21,1,36.235),1), ((9,10,19.209),2), ((12,5,8.544),2), ((29,12,18.682),2), ((10,12,29.155),1), ((1,28,25.962),3), ((28,15,10.77),3), ((21,1,36.235),3), ((28,21,25.0),2), ((1,27,21.095),4), ((13,2,8.246),4), ((17,13,10.05),4), ((1,13,28.844),3)]

+-+-+-+-+-+-+-+-+-+-+-+-+-+-+-+-+-+-+-+-+-+-+-+-+- Iteracion 7967  +-+-+-+-+-+-+-+-+-+-+-+-+-+-+-+-+-+-+-+-+-+-+-+-+-


+-+-+-+-+-+-+-+-+-+-+-+-+-+-+-+-+-+-+-+-+-+-+-+-+- Iteracion 7967  +-+-+-+-+-+-+-+-+-+-+-+-+-+-+-+-+-+-+-+-+-+-+-+-+-

Solucion peor. Costo: 867.9220000000001
Lista tabu: [((28,15,10.77),1), ((15,25,3.0),1), ((31,17,9.487),1), ((9,10,19.209),2), ((12,5,8.544),2), ((29,12,18.682),2), ((10,12,29.155),1), ((1,7,51.884),3), ((14,1,51.039),3), ((22,14,17.804),3), ((7,14,26.476),2), ((1,28,25.962),4), ((28,15,10.77),4), ((21,1,36.235),4), ((28,21,25.0),3)]

+-+-+-+-+-+-+-+-+-+-+-+-+-+-+-+-+-+-+-+-+-+-+-+-+- Iteracion 7987  +-+-+-+-+-+-+-+-+-+-+-+-+-+-+-+-+-+-+-+-+-+-+-+-+-


La solución anterior duró 0min 7seg    -------> Nuevo optimo local. Costo: 843.098       ==> Optimo: 784.0  Desvio: 7.5%
Lista tabu: [((24,29,19.925),1), ((29,12,18.682),1), ((5,9,17.029),1), ((9,19,9.434),1), ((5,9,17.029),2), ((9,19,9.434),2), ((1,23,84.172),2), ((23,9,20.125),1), ((1,7,51.884),3), ((7,4,23.77),3), ((28,15,10.77),3), ((7,15,29.155),2), ((7,4,23.77),4), ((4,32,49.092),4), ((3,24,8.944),4), ((24,29,19.925),4), ((7,24,26.401),3)]

+-+-+-+-+-+-+-+-+-+-+-+-+-+-+-+-+-+-+-+-+-+-+-+-+- Iteracion 8016  +-+-+-+-+-+-+-+-+-+-+-+-+-+-+-+-+-+-+-+-+-+-+-+-+-


La solución anterior duró 0min 0seg    -------> Nuevo optimo local. Costo: 837.799       ==> Optimo: 784.0  Desvio: 6.9%
Lista tabu: [((5,9,17.029),1), ((29,12,18.682),1), ((24,29,19.925),1), ((1,31,16.279),2), ((31,17,9.487),2), ((8,27,16.492),2), ((27,1,21.095),2), ((31,8,21.024),1), ((31,17,9.487),3), ((2,8,13.0),3), ((13,2,8.246),3), ((2,31,19.416),2), ((13,2,8.246),4), ((2,8,13.0),4), ((22,14,17.804),4), ((14,1,51.039),4), ((8,14,14.0),3)]

+-+-+-+-+-+-+-+-+-+-+-+-+-+-+-+-+-+-+-+-+-+-+-+-+- Iteracion 8337  +-+-+-+-+-+-+-+-+-+-+-+-+-+-+-+-+-+-+-+-+-+-+-+-+-


La solución anterior duró 0min 0seg    -------> Nuevo optimo local. Costo: 836.706       ==> Optimo: 784.0  Desvio: 6.7%
Lista tabu: [((7,32,47.17),1), ((32,18,7.616),1), ((22,14,17.804),1), ((14,1,51.039),1), ((1,31,16.279),2), ((31,17,9.487),2), ((25,1,25.239),2), ((31,25,24.083),1), ((28,15,10.77),3), ((15,25,3.0),3), ((31,17,9.487),3), ((17,15,28.16),2), ((1,31,16.279),4), ((31,17,9.487),4), ((25,1,25.239),4), ((31,25,24.083),3)]

+-+-+-+-+-+-+-+-+-+-+-+-+-+-+-+-+-+-+-+-+-+-+-+-+- Iteracion 8647  +-+-+-+-+-+-+-+-+-+-+-+-+-+-+-+-+-+-+-+-+-+-+-+-+-


La solución anterior duró 0min 0seg    -------> Nuevo optimo local. Costo: 836.593       ==> Optimo: 784.0  Desvio: 6.7%
Lista tabu: [((7,14,26.476),1), ((14,32,24.413),1), ((4,3,3.162),1), ((3,24,8.944),1), ((7,14,26.476),2), ((14,32,24.413),2), ((1,4,75.584),2), ((4,3,3.162),2), ((7,4,23.77),1), ((24,29,19.925),3), ((5,9,17.029),3), ((12,5,8.544),3), ((5,24,29.069),2), ((28,15,10.77),4), ((15,25,3.0),4), ((31,17,9.487),4), ((17,15,28.16),3)]

+-+-+-+-+-+-+-+-+-+-+-+-+-+-+-+-+-+-+-+-+-+-+-+-+- Iteracion 8673  +-+-+-+-+-+-+-+-+-+-+-+-+-+-+-+-+-+-+-+-+-+-+-+-+-


La solución anterior duró 0min 0seg    -------> Nuevo optimo local. Costo: 831.75       ==> Optimo: 784.0  Desvio: 6.1%
Lista tabu: [((5,9,17.029),1), ((29,12,18.682),1), ((24,29,19.925),1), ((1,23,84.172),2), ((23,10,4.243),2), ((9,19,9.434),2), ((19,1,76.844),2), ((10,19,18.385),1), ((13,2,8.246),3), ((2,8,13.0),3), ((20,14,23.77),3), ((14,1,51.039),3), ((8,14,14.0),2), ((31,17,9.487),4), ((2,8,13.0),4), ((13,2,8.246),4), ((2,31,19.416),3)]

+-+-+-+-+-+-+-+-+-+-+-+-+-+-+-+-+-+-+-+-+-+-+-+-+- Iteracion 9023  +-+-+-+-+-+-+-+-+-+-+-+-+-+-+-+-+-+-+-+-+-+-+-+-+-


La solución anterior duró 0min 0seg    -------> Nuevo optimo local. Costo: 830.332       ==> Optimo: 784.0  Desvio: 5.8999999999999995%
Lista tabu: [((1,4,75.584),1), ((4,3,3.162),1), ((20,7,44.204),1), ((1,4,75.584),2), ((4,3,3.162),2), ((20,7,44.204),2), ((7,4,23.77),1), ((8,27,16.492),3), ((27,1,21.095),3), ((14,22,17.804),3), ((22,32,9.0),3), ((8,22,28.653),2), ((24,29,19.925),4), ((5,9,17.029),4), ((12,5,8.544),4), ((5,24,29.069),3)]

+-+-+-+-+-+-+-+-+-+-+-+-+-+-+-+-+-+-+-+-+-+-+-+-+- Iteracion 10935  +-+-+-+-+-+-+-+-+-+-+-+-+-+-+-+-+-+-+-+-+-+-+-+-+-


+-+-+-+-+-+-+-+-+-+-+-+-+-+-+-+-+-+-+-+-+-+-+-+-+- Iteracion 10935  +-+-+-+-+-+-+-+-+-+-+-+-+-+-+-+-+-+-+-+-+-+-+-+-+-

Solucion peor. Costo: 844.9770000000001
Lista tabu: [((1,25,25.239),1), ((31,1,16.279),1), ((27,31,7.071),1), ((26,6,21.541),2), ((30,16,19.647),2), ((28,30,37.014),2), ((26,30,29.155),1), ((28,30,37.014),3), ((6,21,21.378),3), ((26,6,21.541),3), ((30,6,21.024),2), ((7,24,26.401),4), ((24,5,29.069),4), ((1,3,77.878),4), ((3,24,8.944),3)]

+-+-+-+-+-+-+-+-+-+-+-+-+-+-+-+-+-+-+-+-+-+-+-+-+- Iteracion 11239  +-+-+-+-+-+-+-+-+-+-+-+-+-+-+-+-+-+-+-+-+-+-+-+-+-


+-+-+-+-+-+-+-+-+-+-+-+-+-+-+-+-+-+-+-+-+-+-+-+-+- Iteracion 11239  +-+-+-+-+-+-+-+-+-+-+-+-+-+-+-+-+-+-+-+-+-+-+-+-+-

Solucion peor. Costo: 844.9770000000002
Lista tabu: [((23,1,84.172),1), ((9,19,9.434),1), ((5,9,17.029),1), ((32,22,9.0),2), ((18,20,2.236),2), ((4,18,42.426),2), ((22,18,13.892),1), ((1,17,25.71),3), ((17,14,26.306),3), ((15,27,19.416),3), ((27,31,7.071),3), ((17,15,28.16),2), ((1,28,25.962),4), ((28,30,37.014),4), ((1,25,25.239),4), ((25,28,8.062),3)]

+-+-+-+-+-+-+-+-+-+-+-+-+-+-+-+-+-+-+-+-+-+-+-+-+- Iteracion 11543  +-+-+-+-+-+-+-+-+-+-+-+-+-+-+-+-+-+-+-+-+-+-+-+-+-


+-+-+-+-+-+-+-+-+-+-+-+-+-+-+-+-+-+-+-+-+-+-+-+-+- Iteracion 11543  +-+-+-+-+-+-+-+-+-+-+-+-+-+-+-+-+-+-+-+-+-+-+-+-+-

Solucion peor. Costo: 844.9770000000002
Lista tabu: [((15,27,19.416),1), ((27,31,7.071),1), ((1,17,25.71),1), ((17,14,26.306),2), ((2,13,8.246),2), ((8,2,13.0),2), ((2,17,10.63),1), ((7,24,26.401),3), ((24,29,19.925),3), ((3,4,3.162),3), ((4,18,42.426),3), ((7,4,23.77),2), ((25,15,3.0),4), ((15,31,24.021),4), ((1,28,25.962),4), ((28,15,10.77),3)]

+-+-+-+-+-+-+-+-+-+-+-+-+-+-+-+-+-+-+-+-+-+-+-+-+- Iteracion 11882  +-+-+-+-+-+-+-+-+-+-+-+-+-+-+-+-+-+-+-+-+-+-+-+-+-


+-+-+-+-+-+-+-+-+-+-+-+-+-+-+-+-+-+-+-+-+-+-+-+-+- Iteracion 11882  +-+-+-+-+-+-+-+-+-+-+-+-+-+-+-+-+-+-+-+-+-+-+-+-+-

Solucion peor. Costo: 844.9770000000002
Lista tabu: [((26,6,21.541),1), ((30,16,19.647),1), ((28,30,37.014),1), ((19,10,18.385),2), ((12,5,8.544),2), ((24,12,37.014),2), ((12,10,29.155),1), ((1,25,25.239),3), ((31,1,16.279),3), ((27,31,7.071),3), ((31,25,24.083),2), ((14,8,14.0),4), ((8,2,13.0),4), ((1,7,51.884),4), ((7,24,26.401),4), ((14,7,26.476),3)]

+-+-+-+-+-+-+-+-+-+-+-+-+-+-+-+-+-+-+-+-+-+-+-+-+- Iteracion 12198  +-+-+-+-+-+-+-+-+-+-+-+-+-+-+-+-+-+-+-+-+-+-+-+-+-


+-+-+-+-+-+-+-+-+-+-+-+-+-+-+-+-+-+-+-+-+-+-+-+-+- Iteracion 12198  +-+-+-+-+-+-+-+-+-+-+-+-+-+-+-+-+-+-+-+-+-+-+-+-+-

Solucion peor. Costo: 844.977
Lista tabu: [((17,14,26.306),1), ((2,13,8.246),1), ((8,2,13.0),1), ((29,19,17.464),2), ((19,10,18.385),2), ((3,4,3.162),2), ((4,18,42.426),2), ((29,4,26.926),1), ((7,24,26.401),3), ((24,9,31.765),3), ((3,4,3.162),3), ((4,18,42.426),3), ((7,4,23.77),2), ((9,12,16.643),4), ((12,5,8.544),4), ((29,19,17.464),4), ((19,10,18.385),4), ((12,10,29.155),3)]

+-+-+-+-+-+-+-+-+-+-+-+-+-+-+-+-+-+-+-+-+-+-+-+-+- Iteracion 12499  +-+-+-+-+-+-+-+-+-+-+-+-+-+-+-+-+-+-+-+-+-+-+-+-+-


+-+-+-+-+-+-+-+-+-+-+-+-+-+-+-+-+-+-+-+-+-+-+-+-+- Iteracion 12499  +-+-+-+-+-+-+-+-+-+-+-+-+-+-+-+-+-+-+-+-+-+-+-+-+-

Solucion peor. Costo: 844.977
Lista tabu: [((2,13,8.246),4), ((13,1,28.844),4), ((27,31,7.071),4), ((13,31,15.264),3)]

+-+-+-+-+-+-+-+-+-+-+-+-+-+-+-+-+-+-+-+-+-+-+-+-+- Iteracion 12803  +-+-+-+-+-+-+-+-+-+-+-+-+-+-+-+-+-+-+-+-+-+-+-+-+-


+-+-+-+-+-+-+-+-+-+-+-+-+-+-+-+-+-+-+-+-+-+-+-+-+- Iteracion 12803  +-+-+-+-+-+-+-+-+-+-+-+-+-+-+-+-+-+-+-+-+-+-+-+-+-

Solucion peor. Costo: 862.135
Lista tabu: [((15,27,19.416),1), ((27,31,7.071),1), ((8,2,13.0),1), ((32,22,9.0),2), ((18,20,2.236),2), ((4,18,42.426),2), ((22,18,13.892),1), ((1,17,25.71),3), ((17,14,26.306),3), ((15,31,24.021),3), ((17,31,9.487),2), ((2,13,8.246),4), ((13,1,28.844),4), ((31,1,16.279),4), ((13,31,15.264),3)]

+-+-+-+-+-+-+-+-+-+-+-+-+-+-+-+-+-+-+-+-+-+-+-+-+- Iteracion 12811  +-+-+-+-+-+-+-+-+-+-+-+-+-+-+-+-+-+-+-+-+-+-+-+-+-


+-+-+-+-+-+-+-+-+-+-+-+-+-+-+-+-+-+-+-+-+-+-+-+-+- Iteracion 12811  +-+-+-+-+-+-+-+-+-+-+-+-+-+-+-+-+-+-+-+-+-+-+-+-+-

Solucion peor. Costo: 854.289
Lista tabu: [((1,2,34.928),1), ((2,14,22.472),1), ((27,17,8.944),1), ((17,13,10.05),1), ((19,10,18.385),2), ((12,5,8.544),2), ((29,12,18.682),2), ((12,10,29.155),1), ((8,27,16.492),3), ((13,1,28.844),3), ((17,13,10.05),3), ((13,8,19.105),2), ((21,1,36.235),4), ((28,30,37.014),4), ((1,28,25.962),4), ((28,21,25.0),3)]

+-+-+-+-+-+-+-+-+-+-+-+-+-+-+-+-+-+-+-+-+-+-+-+-+- Iteracion 12834  +-+-+-+-+-+-+-+-+-+-+-+-+-+-+-+-+-+-+-+-+-+-+-+-+-


+-+-+-+-+-+-+-+-+-+-+-+-+-+-+-+-+-+-+-+-+-+-+-+-+- Iteracion 12834  +-+-+-+-+-+-+-+-+-+-+-+-+-+-+-+-+-+-+-+-+-+-+-+-+-

Solucion peor. Costo: 846.8399999999999
Lista tabu: [((19,10,18.385),1), ((12,5,8.544),1), ((29,12,18.682),1), ((1,27,21.095),2), ((27,14,30.265),2), ((15,31,24.021),2), ((15,27,19.416),1), ((4,18,42.426),3), ((18,20,2.236),3), ((14,8,14.0),3), ((8,2,13.0),3), ((18,14,24.042),2), ((27,14,30.265),4), ((14,8,14.0),4), ((20,32,5.385),4), ((32,22,9.0),4), ((14,22,17.804),3)]

+-+-+-+-+-+-+-+-+-+-+-+-+-+-+-+-+-+-+-+-+-+-+-+-+- Iteracion 12846  +-+-+-+-+-+-+-+-+-+-+-+-+-+-+-+-+-+-+-+-+-+-+-+-+-


+-+-+-+-+-+-+-+-+-+-+-+-+-+-+-+-+-+-+-+-+-+-+-+-+- Iteracion 12846  +-+-+-+-+-+-+-+-+-+-+-+-+-+-+-+-+-+-+-+-+-+-+-+-+-

Solucion peor. Costo: 844.977
Lista tabu: [((1,28,25.962),1), ((28,30,37.014),1), ((15,31,24.021),1), ((1,27,21.095),2), ((27,17,8.944),2), ((1,25,25.239),2), ((27,25,20.248),1), ((8,2,13.0),3), ((2,13,8.246),3), ((15,31,24.021),3), ((2,31,19.416),2), ((14,8,14.0),4), ((8,2,13.0),4), ((32,22,9.0),4), ((22,1,64.031),4), ((2,22,30.067),3)]

+-+-+-+-+-+-+-+-+-+-+-+-+-+-+-+-+-+-+-+-+-+-+-+-+- Iteracion 13155  +-+-+-+-+-+-+-+-+-+-+-+-+-+-+-+-+-+-+-+-+-+-+-+-+-


+-+-+-+-+-+-+-+-+-+-+-+-+-+-+-+-+-+-+-+-+-+-+-+-+- Iteracion 13155  +-+-+-+-+-+-+-+-+-+-+-+-+-+-+-+-+-+-+-+-+-+-+-+-+-

Solucion peor. Costo: 852.134
Lista tabu: [((7,24,26.401),1), ((24,29,19.925),1), ((3,4,3.162),1), ((1,17,25.71),2), ((17,14,26.306),2), ((15,31,24.021),2), ((17,15,28.16),1), ((7,24,26.401),3), ((24,29,19.925),3), ((3,4,3.162),3), ((4,18,42.426),3), ((7,4,23.77),2), ((29,12,18.682),4), ((12,5,8.544),4), ((3,4,3.162),4), ((4,18,42.426),4), ((29,4,26.926),3)]

+-+-+-+-+-+-+-+-+-+-+-+-+-+-+-+-+-+-+-+-+-+-+-+-+- Iteracion 13189  +-+-+-+-+-+-+-+-+-+-+-+-+-+-+-+-+-+-+-+-+-+-+-+-+-


+-+-+-+-+-+-+-+-+-+-+-+-+-+-+-+-+-+-+-+-+-+-+-+-+- Iteracion 13189  +-+-+-+-+-+-+-+-+-+-+-+-+-+-+-+-+-+-+-+-+-+-+-+-+-

Solucion peor. Costo: 846.8399999999999
Lista tabu: [((8,17,12.649),1), ((13,1,28.844),1), ((2,13,8.246),1), ((29,12,18.682),2), ((12,5,8.544),2), ((3,4,3.162),2), ((4,18,42.426),2), ((29,4,26.926),1), ((7,24,26.401),3), ((24,29,19.925),3), ((3,4,3.162),3), ((4,18,42.426),3), ((7,4,23.77),2), ((1,27,21.095),4), ((27,14,30.265),4), ((15,31,24.021),4), ((27,31,7.071),3)]

+-+-+-+-+-+-+-+-+-+-+-+-+-+-+-+-+-+-+-+-+-+-+-+-+- Iteracion 13195  +-+-+-+-+-+-+-+-+-+-+-+-+-+-+-+-+-+-+-+-+-+-+-+-+-


+-+-+-+-+-+-+-+-+-+-+-+-+-+-+-+-+-+-+-+-+-+-+-+-+- Iteracion 13195  +-+-+-+-+-+-+-+-+-+-+-+-+-+-+-+-+-+-+-+-+-+-+-+-+-

Solucion peor. Costo: 844.977
Lista tabu: [((27,14,30.265),1), ((17,2,10.63),1), ((8,17,12.649),1), ((5,9,17.029),1), ((29,12,18.682),1), ((24,29,19.925),1), ((32,22,9.0),2), ((18,20,2.236),2), ((4,18,42.426),2), ((22,18,13.892),1), ((14,8,14.0),3), ((8,2,13.0),3), ((7,24,26.401),3), ((24,29,19.925),3), ((8,7,27.514),2), ((14,8,14.0),4), ((8,2,13.0),4), ((1,7,51.884),4), ((7,24,26.401),4), ((14,7,26.476),3)]

+-+-+-+-+-+-+-+-+-+-+-+-+-+-+-+-+-+-+-+-+-+-+-+-+- Iteracion 13496  +-+-+-+-+-+-+-+-+-+-+-+-+-+-+-+-+-+-+-+-+-+-+-+-+-


+-+-+-+-+-+-+-+-+-+-+-+-+-+-+-+-+-+-+-+-+-+-+-+-+- Iteracion 13496  +-+-+-+-+-+-+-+-+-+-+-+-+-+-+-+-+-+-+-+-+-+-+-+-+-

Solucion peor. Costo: 912.398
Lista tabu: [((29,12,18.682),4), ((12,5,8.544),4), ((3,4,3.162),4), ((4,18,42.426),4), ((29,4,26.926),3)]

+-+-+-+-+-+-+-+-+-+-+-+-+-+-+-+-+-+-+-+-+-+-+-+-+- Iteracion 13517  +-+-+-+-+-+-+-+-+-+-+-+-+-+-+-+-+-+-+-+-+-+-+-+-+-


+-+-+-+-+-+-+-+-+-+-+-+-+-+-+-+-+-+-+-+-+-+-+-+-+- Iteracion 13517  +-+-+-+-+-+-+-+-+-+-+-+-+-+-+-+-+-+-+-+-+-+-+-+-+-

Solucion peor. Costo: 903.428
Lista tabu: [((8,2,13.0),1), ((2,13,8.246),1), ((1,7,51.884),1), ((7,24,26.401),1), ((15,27,19.416),2), ((27,31,7.071),2), ((1,17,25.71),2), ((17,27,8.944),1), ((1,28,25.962),3), ((28,30,37.014),3), ((15,27,19.416),3), ((27,28,26.926),2), ((15,27,19.416),4), ((27,31,7.071),4), ((1,17,25.71),4), ((17,27,8.944),3)]

+-+-+-+-+-+-+-+-+-+-+-+-+-+-+-+-+-+-+-+-+-+-+-+-+- Iteracion 13583  +-+-+-+-+-+-+-+-+-+-+-+-+-+-+-+-+-+-+-+-+-+-+-+-+-


+-+-+-+-+-+-+-+-+-+-+-+-+-+-+-+-+-+-+-+-+-+-+-+-+- Iteracion 13583  +-+-+-+-+-+-+-+-+-+-+-+-+-+-+-+-+-+-+-+-+-+-+-+-+-

Solucion peor. Costo: 884.246
Lista tabu: [((24,5,29.069),1), ((5,9,17.029),1), ((12,18,86.371),1), ((18,20,2.236),1), ((15,27,19.416),2), ((27,31,7.071),2), ((8,2,13.0),2), ((8,27,16.492),1), ((9,19,9.434),3), ((19,10,18.385),3), ((12,18,86.371),3), ((19,12,26.077),2), ((8,2,13.0),4), ((2,13,8.246),4), ((27,31,7.071),4), ((2,31,19.416),3)]

+-+-+-+-+-+-+-+-+-+-+-+-+-+-+-+-+-+-+-+-+-+-+-+-+- Iteracion 13716  +-+-+-+-+-+-+-+-+-+-+-+-+-+-+-+-+-+-+-+-+-+-+-+-+-


+-+-+-+-+-+-+-+-+-+-+-+-+-+-+-+-+-+-+-+-+-+-+-+-+- Iteracion 13716  +-+-+-+-+-+-+-+-+-+-+-+-+-+-+-+-+-+-+-+-+-+-+-+-+-

Solucion peor. Costo: 882.316
Lista tabu: [((15,27,19.416),1), ((27,31,7.071),1), ((8,2,13.0),1), ((1,28,25.962),2), ((28,30,37.014),2), ((31,1,16.279),2), ((28,31,29.411),1), ((32,22,9.0),3), ((18,20,2.236),3), ((24,18,49.497),3), ((22,18,13.892),2), ((17,14,26.306),4), ((14,8,14.0),4), ((7,3,26.249),4), ((3,4,3.162),4), ((14,7,26.476),3)]

+-+-+-+-+-+-+-+-+-+-+-+-+-+-+-+-+-+-+-+-+-+-+-+-+- Iteracion 13767  +-+-+-+-+-+-+-+-+-+-+-+-+-+-+-+-+-+-+-+-+-+-+-+-+-


+-+-+-+-+-+-+-+-+-+-+-+-+-+-+-+-+-+-+-+-+-+-+-+-+- Iteracion 13767  +-+-+-+-+-+-+-+-+-+-+-+-+-+-+-+-+-+-+-+-+-+-+-+-+-

Solucion peor. Costo: 879.1619999999999
Lista tabu: [((25,15,3.0),1), ((15,27,19.416),1), ((1,28,25.962),1), ((17,14,26.306),2), ((2,13,8.246),2), ((8,2,13.0),2), ((2,17,10.63),1), ((1,17,25.71),3), ((17,14,26.306),3), ((32,22,9.0),3), ((22,1,64.031),3), ((14,22,17.804),2), ((21,1,36.235),4), ((28,30,37.014),4), ((1,28,25.962),4), ((28,21,25.0),3)]

+-+-+-+-+-+-+-+-+-+-+-+-+-+-+-+-+-+- Solucion Optima +-+-+-+-+-+-+-+-+-+-+-+-+-+-+-+-+-+-


Costo total:  830.332        Optimo real:  784.0      Desviación: 5.8999999999999995%

Cantidad de iteraciones: 13768
Nro de vehiculos: 5
Capacidad Maxima/Vehiculo: 100.0
Tiempo total: 20min 43seg
Tiempo de estancamiento: 20min 32seg
