+-+-+-+-+-+-+-+-+-+-+-+-+-+-+ GRAFO CARGADO +-+-+-+-+-+-+-+-+-+-+-+-+-+-+-
        1         2         3         4         5         6         7         8         9         10        11        12        13        14        15        16        17        18        19        20        21        22        23        24        25        26        27        28        29        30        31        32        33
1     0         45.453    14.56    45.453    36.401    60.828    24.0    73.355    64.351    64.815    55.326    17.804    41.11    56.223    39.051    20.0    39.051    72.014    19.235    33.121    31.401    39.699    7.81    10.77    22.361    61.074    65.0    61.131    17.088    40.012    61.0    29.53    40.311    
2     45.453    0         59.076    58.0    78.237    99.73    35.355    116.606    108.577    80.156    88.865    28.302    79.649    101.139    10.05    50.537    54.231    94.085    26.907    19.0    76.368    9.055    46.098    35.355    45.891    97.693    107.336    98.087    29.833    30.414    96.566    17.493    85.446    
3     14.56    59.076    0         55.009    31.257    56.143    31.305    64.195    54.231    71.589    54.781    30.806    38.601    45.177    51.74    28.636    48.754    75.802    33.615    44.598    21.587    52.498    19.105    25.298    24.331    58.052    57.07    57.871    31.623    54.083    58.694    43.863    26.401    
4     45.453    58.0    55.009    0         45.398    54.644    63.514    77.827    74.33    22.561    38.949    49.244    39.85    71.589    59.841    26.42    6.403    36.222    42.048    61.033    54.148    59.682    37.802    41.4    66.528    49.679    67.535    50.448    39.825    28.443    47.424    43.932    70.576    
5     36.401    78.237    31.257    45.398    0         25.0    59.841    38.419    31.401    52.498    25.612    53.31    9.22    26.571    73.824    29.069    41.231    50.804    51.624    69.08    13.454    74.303    32.65    43.829    55.0    26.926    29.155    26.683    48.549    60.465    27.857    60.803    29.155    
6     60.828    99.73    56.143    54.644    25.0    0         84.593    24.515    25.71    50.804    16.763    76.922    20.248    29.682    96.566    49.193    53.151    41.304    74.095    92.72    36.139    96.933    56.045    67.052    80.0    7.071    15.0    6.083    70.937    77.337    10.05    82.292    47.17    
7     24.0    35.355    31.305    63.514    59.841    84.593    0         95.273    85.493    85.0    79.228    14.866    65.069    76.479    25.71    41.761    57.454    94.244    22.672    16.763    52.555    26.683    30.414    22.361    10.77    85.053    87.641    85.094    24.083    47.17    85.0    27.857    56.223    
8     73.355    116.606    64.195    77.827    38.419    24.515    95.273    0         11.045    75.313    41.231    90.918    39.205    21.024    111.83    67.209    75.472    65.0    89.872    106.471    42.72    112.361    70.725    81.835    88.323    31.257    10.296    30.265    86.839    97.837    34.234    99.202    45.011    
9     64.351    108.577    54.231    74.33    31.401    25.71    85.493    11.045    0         75.06    41.012    82.098    34.54    10.0    103.228    60.44    71.176    66.91    81.688    97.417    33.121    103.812    62.482    73.41    78.109    32.757    11.662    31.78    78.746    91.837    35.693    91.351    34.0    
10    64.815    80.156    71.589    22.561    52.498    50.804    85.0    75.313    75.06    0         34.234    71.176    44.147    75.326    82.377    44.822    27.857    16.643    64.257    83.522    64.475    82.201    57.009    62.65    86.839    44.147    65.62    45.122    61.847    50.0    41.231    66.491    81.154    
11    55.326    88.865    54.781    38.949    25.612    16.763    79.228    41.231    41.012    34.234    0         69.181    16.643    42.45    87.098    39.459    38.419    26.926    64.938    84.593    39.051    87.321    49.01    59.135    76.688    10.817    31.401    11.662    61.814    63.812    8.485    71.84    53.907    
12    17.804    28.302    30.806    49.244    53.31    76.922    14.866    90.918    82.098    71.176    69.181    0         56.754    74.027    21.26    30.017    43.382    81.492    7.81    15.811    49.204    21.932    20.881    10.05    21.84    76.295    82.292    76.485    9.434    32.65    75.802    15.0    57.201    
13    41.11    79.649    38.601    39.85    9.22    20.248    65.069    39.205    34.54    44.147    16.643    56.754    0         32.14    76.322    29.155    36.674    41.617    53.852    72.533    22.627    76.694    35.903    46.84    61.4    20.0    29.069    20.025    50.695    58.728    20.224    62.177    38.275    
14    56.223    101.139    45.177    71.589    26.571    29.682    76.479    21.024    10.0    75.326    42.45    74.027    32.14    0         95.268    54.708    67.72    69.26    74.25    89.051    24.839    95.901    55.172    65.795    68.71    36.235    18.868    35.355    71.421    86.452    38.91    84.172    24.0    
15    39.051    10.05    51.74    59.841    73.824    96.566    25.71    111.83    103.228    82.377    87.098    21.26    76.322    95.268    0         47.802    55.227    95.189    22.472    9.055    70.434    1.0    41.183    30.017    36.401    95.21    102.956    95.509    25.632    34.438    94.372    16.031    78.102    
16    20.0    50.537    28.636    26.42    29.069    49.193    41.761    67.209    60.44    44.822    39.459    30.017    29.155    54.708    47.802    0         20.125    52.555    25.495    45.177    32.28    48.083    12.207    20.1    42.19    47.434    57.489    47.76    22.361    31.765    46.573    33.106    47.17    
17    39.051    54.231    48.754    6.403    41.231    53.151    57.454    75.472    71.176    27.857    38.419    43.382    36.674    67.72    55.227    20.125    0         40.012    36.401    55.785    49.0    55.145    31.401    35.228    60.208    48.836    65.192    49.518    34.015    26.0    46.861    39.205    65.192    
18    72.014    94.085    75.802    36.222    50.804    41.304    94.244    65.0    66.91    16.643    26.926    81.492    41.617    69.26    95.189    52.555    40.012    0         75.313    95.189    64.031    95.131    64.475    72.125    94.372    34.234    56.223    35.228    72.567    64.63    31.257    79.158    79.881    
19    19.235    26.907    33.615    42.048    51.624    74.095    22.672    89.872    81.688    64.257    64.938    7.81    53.852    74.25    22.472    25.495    36.401    75.313    0         20.025    49.518    22.847    19.209    8.602    29.155    72.801    80.777    73.082    3.162    25.08    72.035    10.296    59.54    
20    33.121    19.0    44.598    61.033    69.08    92.72    16.763    106.471    97.417    83.522    84.593    15.811    72.533    89.051    9.055    45.177    55.785    95.189    20.025    0         64.351    10.05    36.688    25.71    27.514    91.984    97.99    92.195    23.0    38.419    91.411    18.028    70.725    
21    31.401    76.368    21.587    54.148    13.454    36.139    52.555    42.72    33.121    64.475    39.051    49.204    22.627    24.839    70.434    32.28    49.0    64.031    49.518    64.351    0         71.063    30.61    41.012    45.891    39.395    35.511    39.0    46.755    63.695    40.706    59.548    16.763    
22    39.699    9.055    52.498    59.682    74.303    96.933    26.683    112.361    103.812    82.201    87.321    21.932    76.694    95.901    1.0    48.083    55.145    95.131    22.847    10.05    71.063    0         41.677    30.529    37.363    95.509    103.446    95.818    26.0    34.015    94.641    16.0    78.873    
23    7.81    46.098    19.105    37.802    32.65    56.045    30.414    70.725    62.482    57.009    49.01    20.881    35.903    55.172    41.183    12.207    31.401    64.475    19.209    36.688    30.61    41.677    0         11.18    30.017    55.579    61.774    55.731    16.279    35.355    55.227    29.0    42.379    
24    10.77    35.355    25.298    41.4    43.829    67.052    22.361    81.835    73.41    62.65    59.135    10.05    46.84    65.795    30.017    20.1    35.228    72.125    8.602    25.71    41.012    30.529    11.18    0         25.612    66.287    72.945    66.491    6.325    30.414    65.765    18.868    51.0    
25    22.361    45.891    24.331    66.528    55.0    80.0    10.77    88.323    78.109    86.839    76.688    21.84    61.4    68.71    36.401    42.19    60.208    94.372    29.155    27.514    45.891    37.363    30.017    25.612    0         81.302    81.394    81.222    29.53    54.231    81.615    36.497    47.17    
26    61.074    97.693    58.052    49.679    26.926    7.071    85.053    31.257    32.757    44.147    10.817    76.295    20.0    36.235    95.21    47.434    48.836    34.234    72.801    91.984    39.395    95.509    55.579    66.287    81.302    0         22.023    1.0    69.642    73.817    3.0    80.411    52.01    
27    65.0    107.336    57.07    67.535    29.155    15.0    87.641    10.296    11.662    65.62    31.401    82.292    29.069    18.868    102.956    57.489    65.192    56.223    80.777    97.99    35.511    103.446    61.774    72.945    81.394    22.023    0         21.024    77.698    87.784    25.02    89.872    41.231    
28    61.131    98.087    57.871    50.448    26.683    6.083    85.094    30.265    31.78    45.122    11.662    76.485    20.025    35.355    95.509    47.76    49.518    35.228    73.082    92.195    39.0    95.818    55.731    66.491    81.222    1.0    21.024    0         69.921    74.404    4.0    80.777    51.4    
29    17.088    29.833    31.623    39.825    48.549    70.937    24.083    86.839    78.746    61.847    61.814    9.434    50.695    71.421    25.632    22.361    34.015    72.567    3.162    23.0    46.755    26.0    16.279    6.325    29.53    69.642    77.698    69.921    0         25.0    68.884    12.806    57.245    
30    40.012    30.414    54.083    28.443    60.465    77.337    47.17    97.837    91.837    50.0    63.812    32.65    58.728    86.452    34.438    31.765    26.0    64.63    25.08    38.419    63.695    34.015    35.355    30.414    54.231    73.817    87.784    74.404    25.0    0         72.111    20.518    77.369    
31    61.0    96.566    58.694    47.424    27.857    10.05    85.0    34.234    35.693    41.231    8.485    75.802    20.224    38.91    94.372    46.573    46.861    31.257    72.035    91.411    40.706    94.641    55.227    65.765    81.615    3.0    25.02    4.0    68.884    72.111    0         79.379    53.907    
32    29.53    17.493    43.863    43.932    60.803    82.292    27.857    99.202    91.351    66.491    71.84    15.0    62.177    84.172    16.031    33.106    39.205    79.158    10.296    18.028    59.548    16.0    29.0    18.868    36.497    80.411    89.872    80.777    12.806    20.518    79.379    0         69.836    
33    40.311    85.446    26.401    70.576    29.155    47.17    56.223    45.011    34.0    81.154    53.907    57.201    38.275    24.0    78.102    47.17    65.192    79.881    59.54    70.725    16.763    78.873    42.379    51.0    47.17    52.01    41.231    51.4    57.245    77.369    53.907    69.836    0         


Demandas:
1: 0.0
2: 5.0
3: 23.0
4: 14.0
5: 13.0
6: 8.0
7: 18.0
8: 19.0
9: 10.0
10: 18.0
11: 20.0
12: 5.0
13: 9.0
14: 23.0
15: 9.0
16: 18.0
17: 10.0
18: 24.0
19: 13.0
20: 14.0
21: 8.0
22: 10.0
23: 19.0
24: 14.0
25: 13.0
26: 14.0
27: 2.0
28: 23.0
29: 15.0
30: 8.0
31: 20.0
32: 24.0
33: 3.0
+-+-+-+-+-+-+-+-+-+-+-+-+-+-+-+ SOLUCION INICIAL +-+-+-+-+-+-+-+-+-+-+-+-+-+-+-+-

Ruta #1: [1, 23, 24, 29, 19, 12, 7, 25]
Costo asociado: 84.284      Capacidad: 97.0

Ruta #2: [1, 3, 21, 5, 13, 11, 31]
Costo asociado: 144.949      Capacidad: 93.0

Ruta #3: [1, 16, 17, 4, 10, 18, 26]
Costo asociado: 181.04000000000002      Capacidad: 98.0

Ruta #4: [1, 32, 22, 15, 20, 2, 30, 28]
Costo asociado: 240.53400000000002      Capacidad: 93.0

Ruta #5: [1, 33, 14, 9, 8, 27, 6]
Costo asociado: 171.48000000000002      Capacidad: 65.0
--> Costo total: 822.287          Capacidad total: 446.0

Ruta #1: [1, 23, 24, 29, 19, 12, 7, 25]
Costo asociado: 84.284      Capacidad: 97.0

Ruta #2: [1, 3, 21, 5, 13, 11, 31]
Costo asociado: 144.949      Capacidad: 93.0

Ruta #3: [1, 16, 17, 4, 10, 18, 26]
Costo asociado: 181.04000000000002      Capacidad: 98.0

Ruta #4: [1, 32, 22, 15, 20, 2, 30, 28]
Costo asociado: 240.53400000000002      Capacidad: 93.0

Ruta #5: [1, 33, 14, 9, 8, 27, 6]
Costo asociado: 171.48000000000002      Capacidad: 65.0
--> Costo total: 820.1940000000001          Capacidad total: 446.0

+-+-+-+-+-+-+-+-+-+-+-+-+-+-+-+-+-+-+- Iteracion 1  +-+-+-+-+-+-+-+-+-+-+-+-+-+-+-+-+-+-+-

La solución anterior duró 0min 0seg    -------> Nuevo optimo local. Costo: 820.1940000000001
rutas: [[1, 23, 24, 29, 19, 12, 7, 25], [1, 3, 21, 5, 13, 31, 11], [1, 16, 17, 4, 10, 18, 26], [1, 32, 22, 15, 20, 2, 30, 28], [1, 33, 14, 9, 8, 27, 6]]Lista tabu: []

Ruta #1: [1, 23, 24, 29, 19, 12, 7, 25]
Costo asociado: 84.284      Capacidad: 97.0

Ruta #2: [1, 3, 21, 5, 13, 31, 11]
Costo asociado: 142.856      Capacidad: 93.0

Ruta #3: [1, 16, 17, 4, 10, 18, 26]
Costo asociado: 181.04000000000002      Capacidad: 98.0

Ruta #4: [1, 32, 22, 15, 20, 2, 30, 28]
Costo asociado: 240.53400000000002      Capacidad: 93.0

Ruta #5: [1, 33, 14, 9, 8, 27, 6]
Costo asociado: 171.48000000000002      Capacidad: 65.0
--> Costo total: 731.057          Capacidad total: 446.0

+-+-+-+-+-+-+-+-+-+-+-+-+-+-+-+-+-+-+- Iteracion 11  +-+-+-+-+-+-+-+-+-+-+-+-+-+-+-+-+-+-+-

La solución anterior duró 0min 1seg    -------> Nuevo optimo local. Costo: 731.057
rutas: [[1, 23, 24, 29, 19, 12, 7, 25], [1, 3, 21, 5, 13, 31, 11], [1, 16, 17, 4, 10, 18, 26], [1, 32, 22, 15, 20, 2, 30], [1, 33, 14, 9, 8, 27, 6, 28]]Lista tabu: [((13,11,16.643),1), ((31,1,61.0),1), ((33,14,24.0),1), ((3,21,21.587),1), ((1,23,7.81),2), ((12,7,14.866),2), ((1,12,17.804),1), ((27,6,15.0),3), ((30,28,74.404),3), ((27,28,21.024),2), ((24,29,6.325),4), ((12,7,14.866),4), ((24,12,10.05),3), ((31,11,8.485),5), ((27,6,15.0),5), ((31,6,10.05),4), ((14,9,10.0),6), ((8,27,10.296),6), ((8,14,21.024),5)]

Ruta #1: [1, 23, 24, 29, 19, 12, 7, 25]
Costo asociado: 84.284      Capacidad: 97.0

Ruta #2: [1, 3, 21, 5, 13, 31, 11]
Costo asociado: 142.856      Capacidad: 93.0

Ruta #3: [1, 16, 17, 4, 10, 18, 26]
Costo asociado: 181.04000000000002      Capacidad: 98.0

Ruta #4: [1, 32, 22, 15, 20, 2, 30]
Costo asociado: 145.01100000000002      Capacidad: 70.0

Ruta #5: [1, 33, 14, 9, 8, 27, 6, 28]
Costo asociado: 177.866      Capacidad: 88.0
--> Costo total: 723.14          Capacidad total: 446.0

+-+-+-+-+-+-+-+-+-+-+-+-+-+-+-+-+-+-+- Iteracion 24  +-+-+-+-+-+-+-+-+-+-+-+-+-+-+-+-+-+-+-

La solución anterior duró 0min 1seg    -------> Nuevo optimo local. Costo: 723.14
rutas: [[1, 23, 24, 29, 19, 12, 7, 25], [1, 3, 21, 5, 13, 31, 11], [1, 16, 17, 4, 10, 18, 26], [1, 32, 20, 15, 22, 2, 30], [1, 33, 14, 9, 8, 27, 6, 28]]Lista tabu: [((6,28,6.083),1), ((31,11,8.485),1), ((14,9,10.0),2), ((27,6,15.0),2), ((27,14,18.868),1), ((32,22,16.0),3), ((29,19,3.162),3), ((32,19,10.296),2), ((22,15,1.0),4), ((20,2,19.0),4), ((22,20,10.05),3), ((20,2,19.0),5), ((12,7,14.866),5), ((20,7,16.763),4), ((1,23,7.81),6), ((19,12,7.81),6), ((1,19,19.235),5)]

Ruta #1: [1, 23, 24, 29, 19, 12, 7, 25]
Costo asociado: 84.284      Capacidad: 97.0

Ruta #2: [1, 3, 21, 5, 13, 31, 11]
Costo asociado: 142.856      Capacidad: 93.0

Ruta #3: [1, 16, 17, 4, 10, 18, 26]
Costo asociado: 181.04000000000002      Capacidad: 98.0

Ruta #4: [1, 32, 20, 15, 22, 2, 30]
Costo asociado: 137.094      Capacidad: 70.0

Ruta #5: [1, 33, 14, 9, 8, 27, 6, 28]
Costo asociado: 177.866      Capacidad: 88.0
--> Costo total: 721.603          Capacidad total: 446.0

+-+-+-+-+-+-+-+-+-+-+-+-+-+-+-+-+-+-+- Iteracion 101  +-+-+-+-+-+-+-+-+-+-+-+-+-+-+-+-+-+-+-

La solución anterior duró 0min 9seg    -------> Nuevo optimo local. Costo: 721.603
rutas: [[1, 23, 24, 29, 12, 7, 25], [1, 3, 21, 5, 13, 31, 11], [1, 16, 17, 4, 10, 18, 26], [1, 19, 32, 20, 15, 22, 2, 30], [1, 33, 14, 9, 8, 27, 6, 28]]Lista tabu: [((24,29,6.325),1), ((19,12,7.81),1), ((32,20,18.028),2), ((22,2,9.055),2), ((15,22,1.0),2), ((32,22,16.0),1), ((12,7,14.866),3), ((7,25,10.77),3), ((32,20,18.028),3), ((7,20,16.763),2), ((13,31,20.224),4), ((11,1,55.326),4), ((13,11,16.643),3), ((19,12,7.81),5), ((12,7,14.866),5), ((32,20,18.028),5), ((12,20,15.811),4), ((1,23,7.81),6), ((19,12,7.81),6), ((29,19,3.162),6), ((1,19,19.235),5)]

Ruta #1: [1, 23, 24, 29, 12, 7, 25]
Costo asociado: 82.746      Capacidad: 84.0

Ruta #2: [1, 3, 21, 5, 13, 31, 11]
Costo asociado: 142.856      Capacidad: 93.0

Ruta #3: [1, 16, 17, 4, 10, 18, 26]
Costo asociado: 181.04000000000002      Capacidad: 98.0

Ruta #4: [1, 19, 32, 20, 15, 22, 2, 30]
Costo asociado: 137.095      Capacidad: 83.0

Ruta #5: [1, 33, 14, 9, 8, 27, 6, 28]
Costo asociado: 177.866      Capacidad: 88.0
--> Costo total: 720.514          Capacidad total: 446.0

+-+-+-+-+-+-+-+-+-+-+-+-+-+-+-+-+-+-+- Iteracion 113  +-+-+-+-+-+-+-+-+-+-+-+-+-+-+-+-+-+-+-

La solución anterior duró 0min 1seg    -------> Nuevo optimo local. Costo: 720.514
rutas: [[1, 23, 29, 12, 7, 25], [1, 3, 21, 5, 13, 31, 11], [1, 16, 17, 4, 10, 18, 26], [1, 24, 19, 32, 20, 15, 22, 2, 30], [1, 33, 14, 9, 8, 27, 6, 28]]Lista tabu: [((32,20,18.028),1), ((22,2,9.055),1), ((15,22,1.0),1), ((20,15,9.055),2), ((2,30,30.414),2), ((22,2,9.055),2), ((2,20,19.0),1), ((32,20,18.028),3), ((2,30,30.414),3), ((22,2,9.055),3), ((2,32,17.493),2), ((1,33,40.311),4), ((33,14,24.0),4), ((3,21,21.587),4), ((33,21,16.763),3), ((32,20,18.028),5), ((20,15,9.055),5), ((12,7,14.866),5), ((20,7,16.763),4), ((9,8,11.045),6), ((27,6,15.0),6), ((9,27,11.662),5)]

Ruta #1: [1, 23, 29, 12, 7, 25]
Costo asociado: 81.52      Capacidad: 70.0

Ruta #2: [1, 3, 21, 5, 13, 31, 11]
Costo asociado: 142.856      Capacidad: 93.0

Ruta #3: [1, 16, 17, 4, 10, 18, 26]
Costo asociado: 181.04000000000002      Capacidad: 98.0

Ruta #4: [1, 24, 19, 32, 20, 15, 22, 2, 30]
Costo asociado: 137.232      Capacidad: 97.0

Ruta #5: [1, 33, 14, 9, 8, 27, 6, 28]
Costo asociado: 177.866      Capacidad: 88.0
--> Costo total: 716.909          Capacidad total: 446.0

+-+-+-+-+-+-+-+-+-+-+-+-+-+-+-+-+-+-+- Iteracion 186  +-+-+-+-+-+-+-+-+-+-+-+-+-+-+-+-+-+-+-

La solución anterior duró 0min 4seg    -------> Nuevo optimo local. Costo: 716.909
rutas: [[1, 23, 24, 12, 7, 25], [1, 3, 21, 5, 13, 31, 11], [1, 16, 17, 4, 10, 18, 26], [1, 29, 19, 32, 20, 15, 22, 2, 30], [1, 33, 14, 9, 8, 27, 6, 28]]Lista tabu: [((21,5,13.454),1), ((5,13,9.22),1), ((1,33,40.311),1), ((33,14,24.0),1), ((13,31,20.224),2), ((11,1,55.326),2), ((13,11,16.643),1), ((20,15,9.055),3), ((22,2,9.055),3), ((22,20,10.05),2), ((32,20,18.028),4), ((22,2,9.055),4), ((22,32,16.0),3), ((19,32,10.296),5), ((32,20,18.028),5), ((1,23,7.81),5), ((23,29,16.279),5), ((19,23,19.209),4), ((19,32,10.296),6), ((32,20,18.028),6), ((23,29,16.279),6), ((29,12,9.434),6), ((19,29,3.162),5)]

Ruta #1: [1, 23, 24, 12, 7, 25]
Costo asociado: 77.037      Capacidad: 69.0

Ruta #2: [1, 3, 21, 5, 13, 31, 11]
Costo asociado: 142.856      Capacidad: 93.0

Ruta #3: [1, 16, 17, 4, 10, 18, 26]
Costo asociado: 181.04000000000002      Capacidad: 98.0

Ruta #4: [1, 29, 19, 32, 20, 15, 22, 2, 30]
Costo asociado: 138.11      Capacidad: 98.0

Ruta #5: [1, 33, 14, 9, 8, 27, 6, 28]
Costo asociado: 177.866      Capacidad: 88.0
--> Costo total: 775.408          Capacidad total: 446.0

Ruta #1: [1, 23, 24, 12, 7, 25]
Costo asociado: 77.037      Capacidad: 69.0

Ruta #2: [1, 3, 21, 5, 13, 31, 11]
Costo asociado: 142.856      Capacidad: 93.0

Ruta #3: [1, 16, 17, 4, 10, 18, 26]
Costo asociado: 181.04000000000002      Capacidad: 98.0

Ruta #4: [1, 29, 19, 32, 20, 15, 22, 2, 30]
Costo asociado: 138.11      Capacidad: 98.0

Ruta #5: [1, 33, 14, 9, 8, 27, 6, 28]
Costo asociado: 177.866      Capacidad: 88.0
--> Costo total: 760.498          Capacidad total: 446.0

+-+-+-+-+-+-+-+-+-+-+-+-+-+-+-+-+-+-+- Iteracion 368  +-+-+-+-+-+-+-+-+-+-+-+-+-+-+-+-+-+-+-

Nuevo optimo. Costo: 760.498Lista tabu: [((20,12,15.811),1), ((2,30,30.414),1), ((28,6,6.083),2), ((6,27,15.0),2), ((5,13,9.22),2), ((13,31,20.224),2), ((28,13,20.025),1), ((19,32,10.296),3), ((20,12,15.811),3), ((19,20,20.025),2), ((21,5,13.454),4), ((5,13,9.22),4), ((1,33,40.311),4), ((33,14,24.0),4), ((21,33,16.763),3), ((9,8,11.045),5), ((27,6,15.0),5), ((9,27,11.662),4), ((28,6,6.083),6), ((6,27,15.0),6), ((1,11,55.326),6), ((11,31,8.485),6), ((28,11,11.662),5)]

Ruta #1: [1, 23, 24, 12, 7, 25]
Costo asociado: 77.037      Capacidad: 69.0

Ruta #2: [1, 3, 21, 5, 13, 31, 11]
Costo asociado: 142.856      Capacidad: 93.0

Ruta #3: [1, 16, 17, 4, 10, 18, 26]
Costo asociado: 181.04000000000002      Capacidad: 98.0

Ruta #4: [1, 29, 19, 32, 20, 15, 22, 2, 30]
Costo asociado: 138.11      Capacidad: 98.0

Ruta #5: [1, 33, 14, 9, 8, 27, 6, 28]
Costo asociado: 177.866      Capacidad: 88.0
--> Costo total: 760.229          Capacidad total: 446.0

+-+-+-+-+-+-+-+-+-+-+-+-+-+-+-+-+-+-+- Iteracion 386  +-+-+-+-+-+-+-+-+-+-+-+-+-+-+-+-+-+-+-

Nuevo optimo. Costo: 760.229Lista tabu: [((23,24,11.18),1), ((24,15,30.017),1), ((1,3,14.56),1), ((3,21,21.587),1), ((32,12,15.0),2), ((20,22,10.05),2), ((20,32,18.028),1), ((19,32,10.296),3), ((20,22,10.05),3), ((19,20,20.025),2), ((27,6,15.0),4), ((28,1,61.131),4), ((28,27,21.024),3), ((15,7,25.71),5), ((7,25,10.77),5), ((19,32,10.296),5), ((32,12,15.0),5), ((15,32,16.031),4), ((22,2,9.055),6), ((2,30,30.414),6), ((24,15,30.017),6), ((15,7,25.71),6), ((22,15,1.0),5)]

Ruta #1: [1, 23, 24, 12, 7, 25]
Costo asociado: 77.037      Capacidad: 69.0

Ruta #2: [1, 3, 21, 5, 13, 31, 11]
Costo asociado: 142.856      Capacidad: 93.0

Ruta #3: [1, 16, 17, 4, 10, 18, 26]
Costo asociado: 181.04000000000002      Capacidad: 98.0

Ruta #4: [1, 29, 19, 32, 20, 15, 22, 2, 30]
Costo asociado: 138.11      Capacidad: 98.0

Ruta #5: [1, 33, 14, 9, 8, 27, 6, 28]
Costo asociado: 177.866      Capacidad: 88.0
--> Costo total: 760.065          Capacidad total: 446.0

+-+-+-+-+-+-+-+-+-+-+-+-+-+-+-+-+-+-+- Iteracion 406  +-+-+-+-+-+-+-+-+-+-+-+-+-+-+-+-+-+-+-

Nuevo optimo. Costo: 760.065Lista tabu: [((27,6,15.0),1), ((6,28,6.083),1), ((1,26,61.074),1), ((26,18,34.234),1), ((32,20,18.028),2), ((2,30,30.414),2), ((32,2,17.493),1), ((12,32,15.0),3), ((32,20,18.028),3), ((23,24,11.18),3), ((24,15,30.017),3), ((12,24,10.05),2), ((14,9,10.0),4), ((8,27,10.296),4), ((14,8,21.024),3), ((27,6,15.0),5), ((28,1,61.131),5), ((27,28,21.024),4), ((26,18,34.234),6), ((18,10,16.643),6), ((1,28,61.131),6), ((28,6,6.083),6), ((26,28,1.0),5)]

Ruta #1: [1, 23, 24, 12, 7, 25]
Costo asociado: 77.037      Capacidad: 69.0

Ruta #2: [1, 3, 21, 5, 13, 31, 11]
Costo asociado: 142.856      Capacidad: 93.0

Ruta #3: [1, 16, 17, 4, 10, 18, 26]
Costo asociado: 181.04000000000002      Capacidad: 98.0

Ruta #4: [1, 29, 19, 32, 20, 15, 22, 2, 30]
Costo asociado: 138.11      Capacidad: 98.0

Ruta #5: [1, 33, 14, 9, 8, 27, 6, 28]
Costo asociado: 177.866      Capacidad: 88.0
--> Costo total: 759.182          Capacidad total: 446.0

+-+-+-+-+-+-+-+-+-+-+-+-+-+-+-+-+-+-+- Iteracion 413  +-+-+-+-+-+-+-+-+-+-+-+-+-+-+-+-+-+-+-

Nuevo optimo. Costo: 759.182Lista tabu: [((23,24,11.18),4), ((24,15,30.017),4), ((1,29,17.088),4), ((29,19,3.162),4), ((23,29,16.279),2), ((12,32,15.0),1), ((32,20,18.028),1), ((1,23,7.81),1), ((23,29,16.279),1), ((12,32,15.0),2), ((32,20,18.028),2), ((15,7,25.71),2), ((7,25,10.77),2), ((12,7,14.866),1), ((23,29,16.279),3), ((29,15,25.632),3), ((1,3,14.56),3), ((3,21,21.587),3), ((23,3,19.105),2), ((11,31,8.485),4), ((31,13,20.224),4), ((27,6,15.0),4), ((6,28,6.083),4), ((11,6,16.763),3), ((29,15,25.632),5), ((15,7,25.71),5), ((1,24,10.77),5), ((24,19,8.602),5), ((29,24,6.325),4), ((22,2,9.055),6), ((2,30,30.414),6), ((29,15,25.632),6), ((15,7,25.71),6), ((22,15,1.0),5)]

Ruta #1: [1, 23, 24, 12, 7, 25]
Costo asociado: 77.037      Capacidad: 69.0

Ruta #2: [1, 3, 21, 5, 13, 31, 11]
Costo asociado: 142.856      Capacidad: 93.0

Ruta #3: [1, 16, 17, 4, 10, 18, 26]
Costo asociado: 181.04000000000002      Capacidad: 98.0

Ruta #4: [1, 29, 19, 32, 20, 15, 22, 2, 30]
Costo asociado: 138.11      Capacidad: 98.0

Ruta #5: [1, 33, 14, 9, 8, 27, 6, 28]
Costo asociado: 177.866      Capacidad: 88.0
--> Costo total: 746.44          Capacidad total: 446.0

+-+-+-+-+-+-+-+-+-+-+-+-+-+-+-+-+-+-+- Iteracion 425  +-+-+-+-+-+-+-+-+-+-+-+-+-+-+-+-+-+-+-

Nuevo optimo. Costo: 746.44Lista tabu: [((24,29,6.325),1), ((32,20,18.028),1), ((23,19,19.209),2), ((19,15,22.472),2), ((1,16,20.0),2), ((16,17,20.125),2), ((23,16,12.207),1), ((12,32,15.0),3), ((22,2,9.055),3), ((12,22,21.932),2), ((28,6,6.083),4), ((6,27,15.0),4), ((1,11,55.326),4), ((11,31,8.485),4), ((28,11,11.662),3), ((31,11,8.485),5), ((11,1,55.326),5), ((27,6,15.0),5), ((6,28,6.083),5), ((31,6,10.05),4), ((13,31,20.224),6), ((31,11,8.485),6), ((27,6,15.0),6), ((6,28,6.083),6), ((13,6,20.248),5)]

Ruta #1: [1, 23, 24, 12, 7, 25]
Costo asociado: 77.037      Capacidad: 69.0

Ruta #2: [1, 3, 21, 5, 13, 31, 11]
Costo asociado: 142.856      Capacidad: 93.0

Ruta #3: [1, 16, 17, 4, 10, 18, 26]
Costo asociado: 181.04000000000002      Capacidad: 98.0

Ruta #4: [1, 29, 19, 32, 20, 15, 22, 2, 30]
Costo asociado: 138.11      Capacidad: 98.0

Ruta #5: [1, 33, 14, 9, 8, 27, 6, 28]
Costo asociado: 177.866      Capacidad: 88.0
--> Costo total: 729.106          Capacidad total: 446.0

+-+-+-+-+-+-+-+-+-+-+-+-+-+-+-+-+-+-+- Iteracion 431  +-+-+-+-+-+-+-+-+-+-+-+-+-+-+-+-+-+-+-

Nuevo optimo. Costo: 729.106Lista tabu: [((19,15,22.472),5), ((15,7,25.71),5), ((12,32,15.0),5), ((32,20,18.028),5), ((19,32,10.296),3), ((30,2,30.414),2), ((2,22,9.055),2), ((19,32,10.296),2), ((32,7,27.857),2), ((30,32,20.518),1), ((19,32,10.296),3), ((32,7,27.857),3), ((1,24,10.77),3), ((24,29,6.325),3), ((19,24,8.602),2), ((27,6,15.0),4), ((28,1,61.131),4), ((28,27,21.024),3), ((24,29,6.325),5), ((29,12,9.434),5), ((19,32,10.296),5), ((32,7,27.857),5), ((24,32,18.868),4), ((13,31,20.224),6), ((31,11,8.485),6), ((27,6,15.0),6), ((6,28,6.083),6), ((13,6,20.248),5)]

Ruta #1: [1, 23, 24, 12, 7, 25]
Costo asociado: 77.037      Capacidad: 69.0

Ruta #2: [1, 3, 21, 5, 13, 31, 11]
Costo asociado: 142.856      Capacidad: 93.0

Ruta #3: [1, 16, 17, 4, 10, 18, 26]
Costo asociado: 181.04000000000002      Capacidad: 98.0

Ruta #4: [1, 29, 19, 32, 20, 15, 22, 2, 30]
Costo asociado: 138.11      Capacidad: 98.0

Ruta #5: [1, 33, 14, 9, 8, 27, 6, 28]
Costo asociado: 177.866      Capacidad: 88.0
--> Costo total: 727.567          Capacidad total: 446.0

+-+-+-+-+-+-+-+-+-+-+-+-+-+-+-+-+-+-+- Iteracion 432  +-+-+-+-+-+-+-+-+-+-+-+-+-+-+-+-+-+-+-

Nuevo optimo. Costo: 727.567Lista tabu: [((19,15,22.472),4), ((15,7,25.71),4), ((12,32,15.0),4), ((32,20,18.028),4), ((19,32,10.296),2), ((30,2,30.414),1), ((2,22,9.055),1), ((19,32,10.296),1), ((32,7,27.857),1), ((19,32,10.296),2), ((32,7,27.857),2), ((1,24,10.77),2), ((24,29,6.325),2), ((19,24,8.602),1), ((27,6,15.0),3), ((28,1,61.131),3), ((28,27,21.024),2), ((24,29,6.325),4), ((29,12,9.434),4), ((19,32,10.296),4), ((32,7,27.857),4), ((24,32,18.868),3), ((13,31,20.224),5), ((31,11,8.485),5), ((27,6,15.0),5), ((6,28,6.083),5), ((13,6,20.248),4), ((29,12,9.434),10), ((12,15,21.26),10), ((19,32,10.296),10), ((32,7,27.857),10), ((29,32,12.806),8)]

Ruta #1: [1, 23, 24, 12, 7, 25]
Costo asociado: 77.037      Capacidad: 69.0

Ruta #2: [1, 3, 21, 5, 13, 31, 11]
Costo asociado: 142.856      Capacidad: 93.0

Ruta #3: [1, 16, 17, 4, 10, 18, 26]
Costo asociado: 181.04000000000002      Capacidad: 98.0

Ruta #4: [1, 29, 19, 32, 20, 15, 22, 2, 30]
Costo asociado: 138.11      Capacidad: 98.0

Ruta #5: [1, 33, 14, 9, 8, 27, 6, 28]
Costo asociado: 177.866      Capacidad: 88.0
--> Costo total: 720.514          Capacidad total: 446.0

+-+-+-+-+-+-+-+-+-+-+-+-+-+-+-+-+-+-+- Iteracion 438  +-+-+-+-+-+-+-+-+-+-+-+-+-+-+-+-+-+-+-

Nuevo optimo. Costo: 720.514Lista tabu: [((29,12,9.434),4), ((12,15,21.26),4), ((19,32,10.296),4), ((32,7,27.857),4), ((29,32,12.806),2), ((23,19,19.209),5), ((19,12,7.81),5), ((24,29,6.325),5), ((29,32,12.806),5), ((23,29,16.279),3), ((6,28,6.083),2), ((28,1,61.131),2), ((13,31,20.224),2), ((31,11,8.485),2), ((6,31,10.05),1), ((23,29,16.279),3), ((29,12,9.434),3), ((1,16,20.0),3), ((16,17,20.125),3), ((23,16,12.207),2), ((1,23,7.81),4), ((12,7,14.866),4), ((1,12,17.804),3), ((9,8,11.045),5), ((27,6,15.0),5), ((9,27,11.662),4), ((6,28,6.083),6), ((28,1,61.131),6), ((1,11,55.326),6), ((11,31,8.485),6), ((6,11,16.763),5)]

Ruta #1: [1, 23, 24, 12, 7, 25]
Costo asociado: 77.037      Capacidad: 69.0

Ruta #2: [1, 3, 21, 5, 13, 31, 11]
Costo asociado: 142.856      Capacidad: 93.0

Ruta #3: [1, 16, 17, 4, 10, 18, 26]
Costo asociado: 181.04000000000002      Capacidad: 98.0

Ruta #4: [1, 29, 19, 32, 20, 15, 22, 2, 30]
Costo asociado: 138.11      Capacidad: 98.0

Ruta #5: [1, 33, 14, 9, 8, 27, 6, 28]
Costo asociado: 177.866      Capacidad: 88.0
--> Costo total: 716.909          Capacidad total: 446.0

+-+-+-+-+-+-+-+-+-+-+-+-+-+-+-+-+-+-+- Iteracion 464  +-+-+-+-+-+-+-+-+-+-+-+-+-+-+-+-+-+-+-

Nuevo optimo. Costo: 716.909Lista tabu: [((20,15,9.055),1), ((15,22,1.0),1), ((29,12,9.434),1), ((12,7,14.866),1), ((28,6,6.083),2), ((6,27,15.0),2), ((5,13,9.22),2), ((13,31,20.224),2), ((28,13,20.025),1), ((28,6,6.083),3), ((6,27,15.0),3), ((13,31,20.224),3), ((31,11,8.485),3), ((28,31,4.0),2), ((23,29,16.279),4), ((29,12,9.434),4), ((1,16,20.0),4), ((16,17,20.125),4), ((23,16,12.207),3), ((12,7,14.866),5), ((25,1,22.361),5), ((25,12,21.84),4), ((23,29,16.279),6), ((29,12,9.434),6), ((24,19,8.602),6), ((19,32,10.296),6), ((23,19,19.209),5)]

Ruta #1: [1, 23, 24, 12, 7, 25]
Costo asociado: 77.037      Capacidad: 69.0

Ruta #2: [1, 3, 21, 5, 13, 31, 11]
Costo asociado: 142.856      Capacidad: 93.0

Ruta #3: [1, 16, 17, 4, 10, 18, 26]
Costo asociado: 181.04000000000002      Capacidad: 98.0

Ruta #4: [1, 29, 19, 32, 20, 15, 22, 2, 30]
Costo asociado: 138.11      Capacidad: 98.0

Ruta #5: [1, 33, 14, 9, 8, 27, 6, 28]
Costo asociado: 177.866      Capacidad: 88.0
--> Costo total: 712.508          Capacidad total: 446.0

+-+-+-+-+-+-+-+-+-+-+-+-+-+-+-+-+-+-+- Iteracion 530  +-+-+-+-+-+-+-+-+-+-+-+-+-+-+-+-+-+-+-

La solución anterior duró 0min 22seg    -------> Nuevo optimo local. Costo: 712.508
rutas: [[1, 23, 24, 12, 7, 25], [1, 3, 21, 5, 13, 31, 11], [1, 16, 17, 4, 10, 18, 26], [1, 29, 19, 32, 30, 2, 22, 15, 20], [1, 33, 14, 9, 8, 27, 6, 28]]Lista tabu: [((23,24,11.18),1), ((12,7,14.866),1), ((19,32,10.296),2), ((1,23,7.81),2), ((19,23,19.209),1), ((15,22,1.0),3), ((2,30,30.414),3), ((15,2,10.05),2), ((32,20,18.028),4), ((15,22,1.0),4), ((32,15,16.031),3), ((1,23,7.81),5), ((12,7,14.866),5), ((1,12,17.804),4), ((20,15,9.055),6), ((2,30,30.414),6), ((2,20,19.0),5)]

Ruta #1: [1, 23, 24, 12, 7, 25]
Costo asociado: 77.037      Capacidad: 69.0

Ruta #2: [1, 3, 21, 5, 13, 31, 11]
Costo asociado: 142.856      Capacidad: 93.0

Ruta #3: [1, 16, 17, 4, 10, 18, 26]
Costo asociado: 181.04000000000002      Capacidad: 98.0

Ruta #4: [1, 29, 19, 32, 30, 2, 22, 15, 20]
Costo asociado: 133.70900000000003      Capacidad: 98.0

Ruta #5: [1, 33, 14, 9, 8, 27, 6, 28]
Costo asociado: 177.866      Capacidad: 88.0
--> Costo total: 771.0070000000001          Capacidad total: 446.0

Ruta #1: [1, 23, 24, 12, 7, 25]
Costo asociado: 77.037      Capacidad: 69.0

Ruta #2: [1, 3, 21, 5, 13, 31, 11]
Costo asociado: 142.856      Capacidad: 93.0

Ruta #3: [1, 16, 17, 4, 10, 18, 26]
Costo asociado: 181.04000000000002      Capacidad: 98.0

Ruta #4: [1, 29, 19, 32, 30, 2, 22, 15, 20]
Costo asociado: 133.70900000000003      Capacidad: 98.0

Ruta #5: [1, 33, 14, 9, 8, 27, 6, 28]
Costo asociado: 177.866      Capacidad: 88.0
--> Costo total: 712.508          Capacidad total: 446.0

+-+-+-+-+-+-+-+-+-+-+-+-+-+-+-+-+-+-+- Iteracion 657  +-+-+-+-+-+-+-+-+-+-+-+-+-+-+-+-+-+-+-

Nuevo optimo. Costo: 712.508Lista tabu: [((12,22,21.932),1), ((22,2,9.055),1), ((30,32,20.518),1), ((32,19,10.296),1), ((29,19,3.162),2), ((19,32,10.296),2), ((1,23,7.81),2), ((23,24,11.18),2), ((29,23,16.279),1), ((13,31,20.224),3), ((11,1,55.326),3), ((11,13,16.643),2), ((24,15,30.017),4), ((15,7,25.71),4), ((1,16,20.0),4), ((16,17,20.125),4), ((24,16,20.1),3), ((12,22,21.932),5), ((22,2,9.055),5), ((32,19,10.296),5), ((19,29,3.162),5), ((12,19,7.81),4), ((22,2,9.055),6), ((2,30,30.414),6), ((24,15,30.017),6), ((15,7,25.71),6), ((22,15,1.0),5)]

Ruta #1: [1, 23, 24, 12, 7, 25]
Costo asociado: 77.037      Capacidad: 69.0

Ruta #2: [1, 3, 21, 5, 13, 31, 11]
Costo asociado: 142.856      Capacidad: 93.0

Ruta #3: [1, 16, 17, 4, 10, 18, 26]
Costo asociado: 181.04000000000002      Capacidad: 98.0

Ruta #4: [1, 29, 19, 32, 30, 2, 22, 15, 20]
Costo asociado: 133.70900000000003      Capacidad: 98.0

Ruta #5: [1, 33, 14, 9, 8, 27, 6, 28]
Costo asociado: 177.866      Capacidad: 88.0
--> Costo total: 753.73          Capacidad total: 446.0

Ruta #1: [1, 23, 24, 12, 7, 25]
Costo asociado: 77.037      Capacidad: 69.0

Ruta #2: [1, 3, 21, 5, 13, 31, 11]
Costo asociado: 142.856      Capacidad: 93.0

Ruta #3: [1, 16, 17, 4, 10, 18, 26]
Costo asociado: 181.04000000000002      Capacidad: 98.0

Ruta #4: [1, 29, 19, 32, 30, 2, 22, 15, 20]
Costo asociado: 133.70900000000003      Capacidad: 98.0

Ruta #5: [1, 33, 14, 9, 8, 27, 6, 28]
Costo asociado: 177.866      Capacidad: 88.0
--> Costo total: 712.508          Capacidad total: 446.0

+-+-+-+-+-+-+-+-+-+-+-+-+-+-+-+-+-+-+- Iteracion 788  +-+-+-+-+-+-+-+-+-+-+-+-+-+-+-+-+-+-+-

Nuevo optimo. Costo: 712.508Lista tabu: [((32,19,10.296),1), ((19,29,3.162),1), ((15,12,21.26),1), ((9,8,11.045),2), ((27,6,15.0),2), ((27,9,11.662),1), ((22,2,9.055),3), ((32,19,10.296),3), ((30,32,20.518),3), ((32,22,16.0),2), ((20,22,10.05),4), ((32,19,10.296),4), ((30,32,20.518),4), ((20,32,18.028),3), ((13,31,20.224),5), ((11,1,55.326),5), ((11,13,16.643),4), ((27,6,15.0),6), ((28,1,61.131),6), ((28,27,21.024),5)]

Ruta #1: [1, 23, 24, 12, 7, 25]
Costo asociado: 77.037      Capacidad: 69.0

Ruta #2: [1, 3, 21, 5, 13, 31, 11]
Costo asociado: 142.856      Capacidad: 93.0

Ruta #3: [1, 16, 17, 4, 10, 18, 26]
Costo asociado: 181.04000000000002      Capacidad: 98.0

Ruta #4: [1, 29, 19, 32, 30, 2, 22, 15, 20]
Costo asociado: 133.70900000000003      Capacidad: 98.0

Ruta #5: [1, 33, 14, 9, 8, 27, 6, 28]
Costo asociado: 177.866      Capacidad: 88.0
--> Costo total: 750.6899999999999          Capacidad total: 446.0

Ruta #1: [1, 23, 24, 12, 7, 25]
Costo asociado: 77.037      Capacidad: 69.0

Ruta #2: [1, 3, 21, 5, 13, 31, 11]
Costo asociado: 142.856      Capacidad: 93.0

Ruta #3: [1, 16, 17, 4, 10, 18, 26]
Costo asociado: 181.04000000000002      Capacidad: 98.0

Ruta #4: [1, 29, 19, 32, 30, 2, 22, 15, 20]
Costo asociado: 133.70900000000003      Capacidad: 98.0

Ruta #5: [1, 33, 14, 9, 8, 27, 6, 28]
Costo asociado: 177.866      Capacidad: 88.0
--> Costo total: 750.025          Capacidad total: 446.0

+-+-+-+-+-+-+-+-+-+-+-+-+-+-+-+-+-+-+- Iteracion 905  +-+-+-+-+-+-+-+-+-+-+-+-+-+-+-+-+-+-+-

Nuevo optimo. Costo: 750.025Lista tabu: [((22,2,9.055),5), ((24,12,10.05),5), ((22,12,21.932),4), ((2,30,30.414),6), ((32,19,10.296),6), ((32,2,17.493),5)]

Ruta #1: [1, 23, 24, 12, 7, 25]
Costo asociado: 77.037      Capacidad: 69.0

Ruta #2: [1, 3, 21, 5, 13, 31, 11]
Costo asociado: 142.856      Capacidad: 93.0

Ruta #3: [1, 16, 17, 4, 10, 18, 26]
Costo asociado: 181.04000000000002      Capacidad: 98.0

Ruta #4: [1, 29, 19, 32, 30, 2, 22, 15, 20]
Costo asociado: 133.70900000000003      Capacidad: 98.0

Ruta #5: [1, 33, 14, 9, 8, 27, 6, 28]
Costo asociado: 177.866      Capacidad: 88.0
--> Costo total: 741.607          Capacidad total: 446.0

+-+-+-+-+-+-+-+-+-+-+-+-+-+-+-+-+-+-+- Iteracion 920  +-+-+-+-+-+-+-+-+-+-+-+-+-+-+-+-+-+-+-

Nuevo optimo. Costo: 741.607Lista tabu: [((27,6,15.0),1), ((28,1,61.131),1), ((9,8,11.045),2), ((27,6,15.0),2), ((27,9,11.662),1), ((20,15,9.055),3), ((7,25,10.77),3), ((20,7,16.763),2), ((20,15,9.055),4), ((12,7,14.866),4), ((20,12,15.811),3), ((13,31,20.224),5), ((11,1,55.326),5), ((13,11,16.643),4), ((20,15,9.055),6), ((22,12,21.932),6), ((22,20,10.05),5)]

Ruta #1: [1, 23, 24, 12, 7, 25]
Costo asociado: 77.037      Capacidad: 69.0

Ruta #2: [1, 3, 21, 5, 13, 31, 11]
Costo asociado: 142.856      Capacidad: 93.0

Ruta #3: [1, 16, 17, 4, 10, 18, 26]
Costo asociado: 181.04000000000002      Capacidad: 98.0

Ruta #4: [1, 29, 19, 32, 30, 2, 22, 15, 20]
Costo asociado: 133.70900000000003      Capacidad: 98.0

Ruta #5: [1, 33, 14, 9, 8, 27, 6, 28]
Costo asociado: 177.866      Capacidad: 88.0
--> Costo total: 718.739          Capacidad total: 446.0

+-+-+-+-+-+-+-+-+-+-+-+-+-+-+-+-+-+-+- Iteracion 929  +-+-+-+-+-+-+-+-+-+-+-+-+-+-+-+-+-+-+-

Nuevo optimo. Costo: 718.739Lista tabu: [((19,32,10.296),2), ((22,12,21.932),2), ((14,9,10.0),1), ((27,6,15.0),1), ((27,6,15.0),2), ((28,1,61.131),2), ((28,27,21.024),1), ((9,8,11.045),3), ((27,6,15.0),3), ((27,9,11.662),2), ((13,31,20.224),4), ((11,1,55.326),4), ((11,13,16.643),3), ((1,23,7.81),5), ((24,29,6.325),5), ((1,24,10.77),4), ((23,24,11.18),6), ((19,12,7.81),6), ((19,23,19.209),5)]

Ruta #1: [1, 23, 24, 12, 7, 25]
Costo asociado: 77.037      Capacidad: 69.0

Ruta #2: [1, 3, 21, 5, 13, 31, 11]
Costo asociado: 142.856      Capacidad: 93.0

Ruta #3: [1, 16, 17, 4, 10, 18, 26]
Costo asociado: 181.04000000000002      Capacidad: 98.0

Ruta #4: [1, 29, 19, 32, 30, 2, 22, 15, 20]
Costo asociado: 133.70900000000003      Capacidad: 98.0

Ruta #5: [1, 33, 14, 9, 8, 27, 6, 28]
Costo asociado: 177.866      Capacidad: 88.0
--> Costo total: 716.3          Capacidad total: 446.0

+-+-+-+-+-+-+-+-+-+-+-+-+-+-+-+-+-+-+- Iteracion 964  +-+-+-+-+-+-+-+-+-+-+-+-+-+-+-+-+-+-+-

Nuevo optimo. Costo: 716.3Lista tabu: [((1,23,7.81),1), ((19,12,7.81),1), ((16,17,20.125),2), ((23,24,11.18),2), ((16,24,20.1),1), ((24,29,6.325),3), ((19,12,7.81),3), ((19,24,8.602),2), ((15,22,1.0),4), ((2,30,30.414),4), ((2,15,10.05),3), ((29,19,3.162),5), ((12,7,14.866),5), ((29,12,9.434),4), ((23,24,11.18),6), ((12,7,14.866),6), ((23,12,20.881),5)]

Ruta #1: [1, 23, 24, 12, 7, 25]
Costo asociado: 77.037      Capacidad: 69.0

Ruta #2: [1, 3, 21, 5, 13, 31, 11]
Costo asociado: 142.856      Capacidad: 93.0

Ruta #3: [1, 16, 17, 4, 10, 18, 26]
Costo asociado: 181.04000000000002      Capacidad: 98.0

Ruta #4: [1, 29, 19, 32, 30, 2, 22, 15, 20]
Costo asociado: 133.70900000000003      Capacidad: 98.0

Ruta #5: [1, 33, 14, 9, 8, 27, 6, 28]
Costo asociado: 177.866      Capacidad: 88.0
--> Costo total: 752.1110000000001          Capacidad total: 446.0

Ruta #1: [1, 23, 24, 12, 7, 25]
Costo asociado: 77.037      Capacidad: 69.0

Ruta #2: [1, 3, 21, 5, 13, 31, 11]
Costo asociado: 142.856      Capacidad: 93.0

Ruta #3: [1, 16, 17, 4, 10, 18, 26]
Costo asociado: 181.04000000000002      Capacidad: 98.0

Ruta #4: [1, 29, 19, 32, 30, 2, 22, 15, 20]
Costo asociado: 133.70900000000003      Capacidad: 98.0

Ruta #5: [1, 33, 14, 9, 8, 27, 6, 28]
Costo asociado: 177.866      Capacidad: 88.0
--> Costo total: 716.3          Capacidad total: 446.0

+-+-+-+-+-+-+-+-+-+-+-+-+-+-+-+-+-+-+- Iteracion 1078  +-+-+-+-+-+-+-+-+-+-+-+-+-+-+-+-+-+-+-

Nuevo optimo. Costo: 716.3Lista tabu: [((32,30,20.518),1), ((30,1,40.012),1), ((1,12,17.804),1), ((12,24,10.05),1), ((14,9,10.0),2), ((27,6,15.0),2), ((27,14,18.868),1), ((1,12,17.804),3), ((12,24,10.05),3), ((29,19,3.162),3), ((19,23,19.209),3), ((1,19,19.235),2), ((12,24,10.05),4), ((24,29,6.325),4), ((15,22,1.0),4), ((22,2,9.055),4), ((12,22,21.932),3), ((20,15,9.055),5), ((15,22,1.0),5), ((2,32,17.493),5), ((32,30,20.518),5), ((32,20,18.028),4), ((21,5,13.454),6), ((5,13,9.22),6), ((1,33,40.311),6), ((33,14,24.0),6), ((21,33,16.763),5)]

Ruta #1: [1, 23, 24, 12, 7, 25]
Costo asociado: 77.037      Capacidad: 69.0

Ruta #2: [1, 3, 21, 5, 13, 31, 11]
Costo asociado: 142.856      Capacidad: 93.0

Ruta #3: [1, 16, 17, 4, 10, 18, 26]
Costo asociado: 181.04000000000002      Capacidad: 98.0

Ruta #4: [1, 29, 19, 32, 30, 2, 22, 15, 20]
Costo asociado: 133.70900000000003      Capacidad: 98.0

Ruta #5: [1, 33, 14, 9, 8, 27, 6, 28]
Costo asociado: 177.866      Capacidad: 88.0
--> Costo total: 751.804          Capacidad total: 446.0

Ruta #1: [1, 23, 24, 12, 7, 25]
Costo asociado: 77.037      Capacidad: 69.0

Ruta #2: [1, 3, 21, 5, 13, 31, 11]
Costo asociado: 142.856      Capacidad: 93.0

Ruta #3: [1, 16, 17, 4, 10, 18, 26]
Costo asociado: 181.04000000000002      Capacidad: 98.0

Ruta #4: [1, 29, 19, 32, 30, 2, 22, 15, 20]
Costo asociado: 133.70900000000003      Capacidad: 98.0

Ruta #5: [1, 33, 14, 9, 8, 27, 6, 28]
Costo asociado: 177.866      Capacidad: 88.0
--> Costo total: 729.214          Capacidad total: 446.0

+-+-+-+-+-+-+-+-+-+-+-+-+-+-+-+-+-+-+- Iteracion 1198  +-+-+-+-+-+-+-+-+-+-+-+-+-+-+-+-+-+-+-

Nuevo optimo. Costo: 729.214Lista tabu: [((19,12,7.81),1), ((12,7,14.866),1), ((2,24,35.355),1), ((19,12,7.81),2), ((12,7,14.866),2), ((15,22,1.0),2), ((12,22,21.932),1), ((9,8,11.045),3), ((27,6,15.0),3), ((9,27,11.662),2), ((3,21,21.587),4), ((21,5,13.454),4), ((1,33,40.311),4), ((21,33,16.763),3), ((20,15,9.055),5), ((32,30,20.518),5), ((24,32,18.868),5), ((32,20,18.028),4), ((1,20,33.121),6), ((20,15,9.055),6), ((29,19,3.162),6), ((20,19,20.025),5)]

Ruta #1: [1, 23, 24, 12, 7, 25]
Costo asociado: 77.037      Capacidad: 69.0

Ruta #2: [1, 3, 21, 5, 13, 31, 11]
Costo asociado: 142.856      Capacidad: 93.0

Ruta #3: [1, 16, 17, 4, 10, 18, 26]
Costo asociado: 181.04000000000002      Capacidad: 98.0

Ruta #4: [1, 29, 19, 32, 30, 2, 22, 15, 20]
Costo asociado: 133.70900000000003      Capacidad: 98.0

Ruta #5: [1, 33, 14, 9, 8, 27, 6, 28]
Costo asociado: 177.866      Capacidad: 88.0
--> Costo total: 748.2719999999999          Capacidad total: 446.0

Ruta #1: [1, 23, 24, 12, 7, 25]
Costo asociado: 77.037      Capacidad: 69.0

Ruta #2: [1, 3, 21, 5, 13, 31, 11]
Costo asociado: 142.856      Capacidad: 93.0

Ruta #3: [1, 16, 17, 4, 10, 18, 26]
Costo asociado: 181.04000000000002      Capacidad: 98.0

Ruta #4: [1, 29, 19, 32, 30, 2, 22, 15, 20]
Costo asociado: 133.70900000000003      Capacidad: 98.0

Ruta #5: [1, 33, 14, 9, 8, 27, 6, 28]
Costo asociado: 177.866      Capacidad: 88.0
--> Costo total: 742.387          Capacidad total: 446.0

+-+-+-+-+-+-+-+-+-+-+-+-+-+-+-+-+-+-+- Iteracion 1305  +-+-+-+-+-+-+-+-+-+-+-+-+-+-+-+-+-+-+-

Nuevo optimo. Costo: 742.387Lista tabu: [((3,21,21.587),1), ((24,23,11.18),1), ((14,9,10.0),2), ((27,6,15.0),2), ((27,14,18.868),1), ((20,15,9.055),3), ((12,7,14.866),3), ((12,20,15.811),2), ((31,11,8.485),4), ((6,28,6.083),4), ((31,28,4.0),3), ((14,9,10.0),5), ((8,27,10.296),5), ((8,14,21.024),4), ((20,15,9.055),6), ((7,25,10.77),6), ((20,7,16.763),5)]

Ruta #1: [1, 23, 24, 12, 7, 25]
Costo asociado: 77.037      Capacidad: 69.0

Ruta #2: [1, 3, 21, 5, 13, 31, 11]
Costo asociado: 142.856      Capacidad: 93.0

Ruta #3: [1, 16, 17, 4, 10, 18, 26]
Costo asociado: 181.04000000000002      Capacidad: 98.0

Ruta #4: [1, 29, 19, 32, 30, 2, 22, 15, 20]
Costo asociado: 133.70900000000003      Capacidad: 98.0

Ruta #5: [1, 33, 14, 9, 8, 27, 6, 28]
Costo asociado: 177.866      Capacidad: 88.0
--> Costo total: 741.232          Capacidad total: 446.0

+-+-+-+-+-+-+-+-+-+-+-+-+-+-+-+-+-+-+- Iteracion 1315  +-+-+-+-+-+-+-+-+-+-+-+-+-+-+-+-+-+-+-

Nuevo optimo. Costo: 741.232Lista tabu: [((1,20,33.121),1), ((19,12,7.81),1), ((23,29,16.279),1), ((20,12,15.811),1), ((13,31,20.224),2), ((11,1,55.326),2), ((13,11,16.643),1), ((16,17,20.125),3), ((24,23,11.18),3), ((16,23,12.207),2), ((15,20,9.055),4), ((29,32,12.806),4), ((15,32,16.031),3), ((1,24,10.77),5), ((29,32,12.806),5), ((1,29,17.088),4), ((31,11,8.485),6), ((6,28,6.083),6), ((31,28,4.0),5)]

Ruta #1: [1, 23, 24, 12, 7, 25]
Costo asociado: 77.037      Capacidad: 69.0

Ruta #2: [1, 3, 21, 5, 13, 31, 11]
Costo asociado: 142.856      Capacidad: 93.0

Ruta #3: [1, 16, 17, 4, 10, 18, 26]
Costo asociado: 181.04000000000002      Capacidad: 98.0

Ruta #4: [1, 29, 19, 32, 30, 2, 22, 15, 20]
Costo asociado: 133.70900000000003      Capacidad: 98.0

Ruta #5: [1, 33, 14, 9, 8, 27, 6, 28]
Costo asociado: 177.866      Capacidad: 88.0
--> Costo total: 733.815          Capacidad total: 446.0

+-+-+-+-+-+-+-+-+-+-+-+-+-+-+-+-+-+-+- Iteracion 1320  +-+-+-+-+-+-+-+-+-+-+-+-+-+-+-+-+-+-+-

Nuevo optimo. Costo: 733.815Lista tabu: [((31,11,8.485),1), ((6,28,6.083),1), ((29,32,12.806),6), ((20,12,15.811),6), ((29,12,9.434),4), ((13,31,20.224),3), ((11,1,55.326),3), ((13,11,16.643),2), ((1,24,10.77),4), ((12,7,14.866),4), ((1,12,17.804),3), ((2,22,9.055),5), ((20,32,18.028),5), ((2,20,19.0),4), ((22,15,1.0),6), ((32,30,20.518),6), ((22,32,16.0),5)]

Ruta #1: [1, 23, 24, 12, 7, 25]
Costo asociado: 77.037      Capacidad: 69.0

Ruta #2: [1, 3, 21, 5, 13, 31, 11]
Costo asociado: 142.856      Capacidad: 93.0

Ruta #3: [1, 16, 17, 4, 10, 18, 26]
Costo asociado: 181.04000000000002      Capacidad: 98.0

Ruta #4: [1, 29, 19, 32, 30, 2, 22, 15, 20]
Costo asociado: 133.70900000000003      Capacidad: 98.0

Ruta #5: [1, 33, 14, 9, 8, 27, 6, 28]
Costo asociado: 177.866      Capacidad: 88.0
--> Costo total: 720.901          Capacidad total: 446.0

+-+-+-+-+-+-+-+-+-+-+-+-+-+-+-+-+-+-+- Iteracion 1326  +-+-+-+-+-+-+-+-+-+-+-+-+-+-+-+-+-+-+-

Nuevo optimo. Costo: 720.901Lista tabu: [((19,2,26.907),5), ((20,32,18.028),5), ((19,20,20.025),3), ((3,21,21.587),2), ((24,23,11.18),2), ((3,23,19.105),1), ((27,6,15.0),3), ((28,1,61.131),3), ((28,27,21.024),2), ((20,15,9.055),4), ((22,2,9.055),4), ((22,20,10.05),3), ((12,7,14.866),5), ((2,32,17.493),5), ((12,32,15.0),4), ((15,22,1.0),6), ((2,32,17.493),6), ((15,2,10.05),5)]

Ruta #1: [1, 23, 24, 12, 7, 25]
Costo asociado: 77.037      Capacidad: 69.0

Ruta #2: [1, 3, 21, 5, 13, 31, 11]
Costo asociado: 142.856      Capacidad: 93.0

Ruta #3: [1, 16, 17, 4, 10, 18, 26]
Costo asociado: 181.04000000000002      Capacidad: 98.0

Ruta #4: [1, 29, 19, 32, 30, 2, 22, 15, 20]
Costo asociado: 133.70900000000003      Capacidad: 98.0

Ruta #5: [1, 33, 14, 9, 8, 27, 6, 28]
Costo asociado: 177.866      Capacidad: 88.0
--> Costo total: 720.201          Capacidad total: 446.0

+-+-+-+-+-+-+-+-+-+-+-+-+-+-+-+-+-+-+- Iteracion 1377  +-+-+-+-+-+-+-+-+-+-+-+-+-+-+-+-+-+-+-

Nuevo optimo. Costo: 720.201Lista tabu: [((23,24,11.18),1), ((29,12,9.434),1), ((6,28,6.083),2), ((31,11,8.485),2), ((6,11,16.763),1), ((23,24,11.18),3), ((12,7,14.866),3), ((12,23,20.881),2), ((14,9,10.0),4), ((8,27,10.296),4), ((8,14,21.024),3), ((20,15,9.055),5), ((22,2,9.055),5), ((22,20,10.05),4), ((22,2,9.055),6), ((32,30,20.518),6), ((32,22,16.0),5)]

Ruta #1: [1, 23, 24, 12, 7, 25]
Costo asociado: 77.037      Capacidad: 69.0

Ruta #2: [1, 3, 21, 5, 13, 31, 11]
Costo asociado: 142.856      Capacidad: 93.0

Ruta #3: [1, 16, 17, 4, 10, 18, 26]
Costo asociado: 181.04000000000002      Capacidad: 98.0

Ruta #4: [1, 29, 19, 32, 30, 2, 22, 15, 20]
Costo asociado: 133.70900000000003      Capacidad: 98.0

Ruta #5: [1, 33, 14, 9, 8, 27, 6, 28]
Costo asociado: 177.866      Capacidad: 88.0
--> Costo total: 716.3          Capacidad total: 446.0

+-+-+-+-+-+-+-+-+-+-+-+-+-+-+-+-+-+-+- Iteracion 1425  +-+-+-+-+-+-+-+-+-+-+-+-+-+-+-+-+-+-+-

Nuevo optimo. Costo: 716.3Lista tabu: [((1,23,7.81),1), ((12,7,14.866),1), ((29,12,9.434),1), ((9,8,11.045),2), ((27,6,15.0),2), ((27,9,11.662),1), ((20,15,9.055),3), ((2,32,17.493),3), ((22,2,9.055),3), ((2,20,19.0),2), ((29,12,9.434),4), ((12,7,14.866),4), ((2,32,17.493),4), ((12,32,15.0),3), ((1,23,7.81),5), ((29,12,9.434),5), ((19,29,3.162),5), ((1,29,17.088),4), ((23,24,11.18),6), ((29,12,9.434),6), ((19,29,3.162),6), ((23,29,16.279),5)]

Ruta #1: [1, 23, 24, 12, 7, 25]
Costo asociado: 77.037      Capacidad: 69.0

Ruta #2: [1, 3, 21, 5, 13, 31, 11]
Costo asociado: 142.856      Capacidad: 93.0

Ruta #3: [1, 16, 17, 4, 10, 18, 26]
Costo asociado: 181.04000000000002      Capacidad: 98.0

Ruta #4: [1, 29, 19, 32, 30, 2, 22, 15, 20]
Costo asociado: 133.70900000000003      Capacidad: 98.0

Ruta #5: [1, 33, 14, 9, 8, 27, 6, 28]
Costo asociado: 177.866      Capacidad: 88.0
--> Costo total: 748.903          Capacidad total: 446.0

Ruta #1: [1, 23, 24, 12, 7, 25]
Costo asociado: 77.037      Capacidad: 69.0

Ruta #2: [1, 3, 21, 5, 13, 31, 11]
Costo asociado: 142.856      Capacidad: 93.0

Ruta #3: [1, 16, 17, 4, 10, 18, 26]
Costo asociado: 181.04000000000002      Capacidad: 98.0

Ruta #4: [1, 29, 19, 32, 30, 2, 22, 15, 20]
Costo asociado: 133.70900000000003      Capacidad: 98.0

Ruta #5: [1, 33, 14, 9, 8, 27, 6, 28]
Costo asociado: 177.866      Capacidad: 88.0
--> Costo total: 733.106          Capacidad total: 446.0

+-+-+-+-+-+-+-+-+-+-+-+-+-+-+-+-+-+-+- Iteracion 1601  +-+-+-+-+-+-+-+-+-+-+-+-+-+-+-+-+-+-+-

Nuevo optimo. Costo: 733.106Lista tabu: [((14,9,10.0),1), ((8,27,10.296),1), ((23,24,11.18),2), ((12,7,14.866),2), ((19,12,7.81),2), ((23,12,20.881),1), ((20,15,9.055),3), ((2,32,17.493),3), ((22,2,9.055),3), ((2,20,19.0),2), ((14,9,10.0),4), ((27,6,15.0),4), ((8,27,10.296),4), ((27,14,18.868),3), ((29,19,3.162),5), ((12,7,14.866),5), ((29,12,9.434),4), ((24,29,6.325),6), ((12,7,14.866),6), ((19,12,7.81),6), ((12,24,10.05),5)]

Ruta #1: [1, 23, 24, 12, 7, 25]
Costo asociado: 77.037      Capacidad: 69.0

Ruta #2: [1, 3, 21, 5, 13, 31, 11]
Costo asociado: 142.856      Capacidad: 93.0

Ruta #3: [1, 16, 17, 4, 10, 18, 26]
Costo asociado: 181.04000000000002      Capacidad: 98.0

Ruta #4: [1, 29, 19, 32, 30, 2, 22, 15, 20]
Costo asociado: 133.70900000000003      Capacidad: 98.0

Ruta #5: [1, 33, 14, 9, 8, 27, 6, 28]
Costo asociado: 177.866      Capacidad: 88.0
--> Costo total: 716.3          Capacidad total: 446.0

+-+-+-+-+-+-+-+-+-+-+-+-+-+-+-+-+-+-+- Iteracion 1657  +-+-+-+-+-+-+-+-+-+-+-+-+-+-+-+-+-+-+-

Nuevo optimo. Costo: 716.3Lista tabu: [((12,7,14.866),1), ((25,1,22.361),1), ((14,9,10.0),2), ((8,27,10.296),2), ((14,8,21.024),1), ((23,24,11.18),3), ((19,12,7.81),3), ((23,19,19.209),2), ((13,5,9.22),4), ((31,11,8.485),4), ((31,13,20.224),3), ((24,29,6.325),5), ((19,12,7.81),5), ((19,24,8.602),4), ((6,28,6.083),6), ((28,1,61.131),6), ((5,31,27.857),6), ((31,11,8.485),6), ((6,31,10.05),5)]

Ruta #1: [1, 23, 24, 12, 7, 25]
Costo asociado: 77.037      Capacidad: 69.0

Ruta #2: [1, 3, 21, 5, 13, 31, 11]
Costo asociado: 142.856      Capacidad: 93.0

Ruta #3: [1, 16, 17, 4, 10, 18, 26]
Costo asociado: 181.04000000000002      Capacidad: 98.0

Ruta #4: [1, 29, 19, 32, 30, 2, 22, 15, 20]
Costo asociado: 133.70900000000003      Capacidad: 98.0

Ruta #5: [1, 33, 14, 9, 8, 27, 6, 28]
Costo asociado: 177.866      Capacidad: 88.0
--> Costo total: 758.488          Capacidad total: 446.0

Ruta #1: [1, 23, 24, 12, 7, 25]
Costo asociado: 77.037      Capacidad: 69.0

Ruta #2: [1, 3, 21, 5, 13, 31, 11]
Costo asociado: 142.856      Capacidad: 93.0

Ruta #3: [1, 16, 17, 4, 10, 18, 26]
Costo asociado: 181.04000000000002      Capacidad: 98.0

Ruta #4: [1, 29, 19, 32, 30, 2, 22, 15, 20]
Costo asociado: 133.70900000000003      Capacidad: 98.0

Ruta #5: [1, 33, 14, 9, 8, 27, 6, 28]
Costo asociado: 177.866      Capacidad: 88.0
--> Costo total: 716.79          Capacidad total: 446.0

+-+-+-+-+-+-+-+-+-+-+-+-+-+-+-+-+-+-+- Iteracion 1774  +-+-+-+-+-+-+-+-+-+-+-+-+-+-+-+-+-+-+-

Nuevo optimo. Costo: 716.79Lista tabu: [((19,12,7.81),1), ((12,7,14.866),1), ((15,22,1.0),1), ((13,31,20.224),2), ((11,1,55.326),2), ((13,11,16.643),1), ((20,15,9.055),3), ((2,32,17.493),3), ((22,2,9.055),3), ((20,2,19.0),2), ((20,15,9.055),4), ((32,30,20.518),4), ((2,32,17.493),4), ((32,20,18.028),3), ((1,23,7.81),5), ((19,7,22.672),5), ((29,19,3.162),5), ((1,19,19.235),4), ((9,8,11.045),6), ((27,6,15.0),6), ((27,9,11.662),5)]

Ruta #1: [1, 23, 24, 12, 7, 25]
Costo asociado: 77.037      Capacidad: 69.0

Ruta #2: [1, 3, 21, 5, 13, 31, 11]
Costo asociado: 142.856      Capacidad: 93.0

Ruta #3: [1, 16, 17, 4, 10, 18, 26]
Costo asociado: 181.04000000000002      Capacidad: 98.0

Ruta #4: [1, 29, 19, 32, 30, 2, 22, 15, 20]
Costo asociado: 133.70900000000003      Capacidad: 98.0

Ruta #5: [1, 33, 14, 9, 8, 27, 6, 28]
Costo asociado: 177.866      Capacidad: 88.0
--> Costo total: 716.3          Capacidad total: 446.0

+-+-+-+-+-+-+-+-+-+-+-+-+-+-+-+-+-+-+- Iteracion 1775  +-+-+-+-+-+-+-+-+-+-+-+-+-+-+-+-+-+-+-

Nuevo optimo. Costo: 716.3Lista tabu: [((13,31,20.224),1), ((11,1,55.326),1), ((20,15,9.055),2), ((2,32,17.493),2), ((22,2,9.055),2), ((20,2,19.0),1), ((20,15,9.055),3), ((32,30,20.518),3), ((2,32,17.493),3), ((32,20,18.028),2), ((1,23,7.81),4), ((19,7,22.672),4), ((29,19,3.162),4), ((1,19,19.235),3), ((9,8,11.045),5), ((27,6,15.0),5), ((27,9,11.662),4), ((1,20,33.121),10), ((12,22,21.932),10), ((15,12,21.26),10), ((1,12,17.804),8)]

Ruta #1: [1, 23, 24, 12, 7, 25]
Costo asociado: 77.037      Capacidad: 69.0

Ruta #2: [1, 3, 21, 5, 13, 31, 11]
Costo asociado: 142.856      Capacidad: 93.0

Ruta #3: [1, 16, 17, 4, 10, 18, 26]
Costo asociado: 181.04000000000002      Capacidad: 98.0

Ruta #4: [1, 29, 19, 32, 30, 2, 22, 15, 20]
Costo asociado: 133.70900000000003      Capacidad: 98.0

Ruta #5: [1, 33, 14, 9, 8, 27, 6, 28]
Costo asociado: 177.866      Capacidad: 88.0
--> Costo total: 748.274          Capacidad total: 446.0

Ruta #1: [1, 23, 24, 12, 7, 25]
Costo asociado: 77.037      Capacidad: 69.0

Ruta #2: [1, 3, 21, 5, 13, 31, 11]
Costo asociado: 142.856      Capacidad: 93.0

Ruta #3: [1, 16, 17, 4, 10, 18, 26]
Costo asociado: 181.04000000000002      Capacidad: 98.0

Ruta #4: [1, 29, 19, 32, 30, 2, 22, 15, 20]
Costo asociado: 133.70900000000003      Capacidad: 98.0

Ruta #5: [1, 33, 14, 9, 8, 27, 6, 28]
Costo asociado: 177.866      Capacidad: 88.0
--> Costo total: 741.559          Capacidad total: 446.0

+-+-+-+-+-+-+-+-+-+-+-+-+-+-+-+-+-+-+- Iteracion 1912  +-+-+-+-+-+-+-+-+-+-+-+-+-+-+-+-+-+-+-

Nuevo optimo. Costo: 741.559Lista tabu: [((20,15,9.055),1), ((22,12,21.932),1), ((31,11,8.485),2), ((6,28,6.083),2), ((31,28,4.0),1), ((12,7,14.866),3), ((29,19,3.162),3), ((12,19,7.81),2), ((9,8,11.045),4), ((27,6,15.0),4), ((9,27,11.662),3), ((20,15,9.055),5), ((7,25,10.77),5), ((7,20,16.763),4), ((29,19,3.162),6), ((32,30,20.518),6), ((32,29,12.806),5)]

Ruta #1: [1, 23, 24, 12, 7, 25]
Costo asociado: 77.037      Capacidad: 69.0

Ruta #2: [1, 3, 21, 5, 13, 31, 11]
Costo asociado: 142.856      Capacidad: 93.0

Ruta #3: [1, 16, 17, 4, 10, 18, 26]
Costo asociado: 181.04000000000002      Capacidad: 98.0

Ruta #4: [1, 29, 19, 32, 30, 2, 22, 15, 20]
Costo asociado: 133.70900000000003      Capacidad: 98.0

Ruta #5: [1, 33, 14, 9, 8, 27, 6, 28]
Costo asociado: 177.866      Capacidad: 88.0
--> Costo total: 728.139          Capacidad total: 446.0

+-+-+-+-+-+-+-+-+-+-+-+-+-+-+-+-+-+-+- Iteracion 1934  +-+-+-+-+-+-+-+-+-+-+-+-+-+-+-+-+-+-+-

Nuevo optimo. Costo: 728.139Lista tabu: [((20,15,9.055),1), ((22,12,21.932),1), ((23,24,11.18),2), ((19,32,10.296),2), ((19,23,19.209),1), ((14,9,10.0),3), ((27,6,15.0),3), ((27,14,18.868),2), ((23,24,11.18),4), ((29,19,3.162),4), ((29,23,16.279),3), ((15,22,1.0),5), ((12,7,14.866),5), ((15,12,21.26),4), ((20,15,9.055),6), ((7,25,10.77),6), ((20,7,16.763),5)]

Ruta #1: [1, 23, 24, 12, 7, 25]
Costo asociado: 77.037      Capacidad: 69.0

Ruta #2: [1, 3, 21, 5, 13, 31, 11]
Costo asociado: 142.856      Capacidad: 93.0

Ruta #3: [1, 16, 17, 4, 10, 18, 26]
Costo asociado: 181.04000000000002      Capacidad: 98.0

Ruta #4: [1, 29, 19, 32, 30, 2, 22, 15, 20]
Costo asociado: 133.70900000000003      Capacidad: 98.0

Ruta #5: [1, 33, 14, 9, 8, 27, 6, 28]
Costo asociado: 177.866      Capacidad: 88.0
--> Costo total: 716.175          Capacidad total: 446.0

+-+-+-+-+-+-+-+-+-+-+-+-+-+-+-+-+-+-+- Iteracion 2009  +-+-+-+-+-+-+-+-+-+-+-+-+-+-+-+-+-+-+-

Nuevo optimo. Costo: 716.175Lista tabu: [((22,15,1.0),1), ((20,7,16.763),1), ((23,24,11.18),2), ((24,29,6.325),2), ((1,12,17.804),2), ((24,12,10.05),1), ((14,9,10.0),3), ((27,6,15.0),3), ((8,27,10.296),3), ((14,27,18.868),2), ((12,22,21.932),4), ((7,25,10.77),4), ((20,7,16.763),4), ((7,12,14.866),3), ((27,6,15.0),5), ((28,1,61.131),5), ((27,28,21.024),4), ((29,19,3.162),6), ((19,32,10.296),6), ((15,20,9.055),6), ((19,20,20.025),5)]

Ruta #1: [1, 23, 24, 12, 7, 25]
Costo asociado: 77.037      Capacidad: 69.0

Ruta #2: [1, 3, 21, 5, 13, 31, 11]
Costo asociado: 142.856      Capacidad: 93.0

Ruta #3: [1, 16, 17, 4, 10, 18, 26]
Costo asociado: 181.04000000000002      Capacidad: 98.0

Ruta #4: [1, 29, 19, 32, 30, 2, 22, 15, 20]
Costo asociado: 133.70900000000003      Capacidad: 98.0

Ruta #5: [1, 33, 14, 9, 8, 27, 6, 28]
Costo asociado: 177.866      Capacidad: 88.0
--> Costo total: 714.6320000000001          Capacidad total: 446.0

+-+-+-+-+-+-+-+-+-+-+-+-+-+-+-+-+-+-+- Iteracion 2031  +-+-+-+-+-+-+-+-+-+-+-+-+-+-+-+-+-+-+-

Nuevo optimo. Costo: 714.6320000000001Lista tabu: [((9,8,11.045),1), ((27,6,15.0),1), ((14,9,10.0),2), ((8,27,10.296),2), ((14,8,21.024),1), ((27,6,15.0),3), ((28,1,61.131),3), ((28,27,21.024),2), ((19,32,10.296),4), ((32,30,20.518),4), ((15,20,9.055),4), ((32,20,18.028),3), ((24,29,6.325),5), ((29,19,3.162),5), ((1,12,17.804),5), ((29,12,9.434),4), ((12,2,28.302),6), ((15,20,9.055),6), ((22,15,1.0),6), ((15,12,21.26),5)]

Ruta #1: [1, 23, 24, 12, 7, 25]
Costo asociado: 77.037      Capacidad: 69.0

Ruta #2: [1, 3, 21, 5, 13, 31, 11]
Costo asociado: 142.856      Capacidad: 93.0

Ruta #3: [1, 16, 17, 4, 10, 18, 26]
Costo asociado: 181.04000000000002      Capacidad: 98.0

Ruta #4: [1, 29, 19, 32, 30, 2, 22, 15, 20]
Costo asociado: 133.70900000000003      Capacidad: 98.0

Ruta #5: [1, 33, 14, 9, 8, 27, 6, 28]
Costo asociado: 177.866      Capacidad: 88.0
--> Costo total: 754.3870000000001          Capacidad total: 446.0

Ruta #1: [1, 23, 24, 12, 7, 25]
Costo asociado: 77.037      Capacidad: 69.0

Ruta #2: [1, 3, 21, 5, 13, 31, 11]
Costo asociado: 142.856      Capacidad: 93.0

Ruta #3: [1, 16, 17, 4, 10, 18, 26]
Costo asociado: 181.04000000000002      Capacidad: 98.0

Ruta #4: [1, 29, 19, 32, 30, 2, 22, 15, 20]
Costo asociado: 133.70900000000003      Capacidad: 98.0

Ruta #5: [1, 33, 14, 9, 8, 27, 6, 28]
Costo asociado: 177.866      Capacidad: 88.0
--> Costo total: 734.059          Capacidad total: 446.0

+-+-+-+-+-+-+-+-+-+-+-+-+-+-+-+-+-+-+- Iteracion 2230  +-+-+-+-+-+-+-+-+-+-+-+-+-+-+-+-+-+-+-

Nuevo optimo. Costo: 734.059Lista tabu: [((15,20,9.055),1), ((20,7,16.763),1), ((29,19,3.162),1), ((9,8,11.045),2), ((27,6,15.0),2), ((27,9,11.662),1), ((12,32,15.0),3), ((15,7,25.71),3), ((22,15,1.0),3), ((12,15,21.26),2), ((32,2,17.493),4), ((15,7,25.71),4), ((22,15,1.0),4), ((15,32,16.031),3), ((1,12,17.804),5), ((12,32,15.0),5), ((23,24,11.18),5), ((12,24,10.05),4), ((23,24,11.18),6), ((29,20,23.0),6), ((23,29,16.279),5)]

Ruta #1: [1, 23, 24, 12, 7, 25]
Costo asociado: 77.037      Capacidad: 69.0

Ruta #2: [1, 3, 21, 5, 13, 31, 11]
Costo asociado: 142.856      Capacidad: 93.0

Ruta #3: [1, 16, 17, 4, 10, 18, 26]
Costo asociado: 181.04000000000002      Capacidad: 98.0

Ruta #4: [1, 29, 19, 32, 30, 2, 22, 15, 20]
Costo asociado: 133.70900000000003      Capacidad: 98.0

Ruta #5: [1, 33, 14, 9, 8, 27, 6, 28]
Costo asociado: 177.866      Capacidad: 88.0
--> Costo total: 722.576          Capacidad total: 446.0

+-+-+-+-+-+-+-+-+-+-+-+-+-+-+-+-+-+-+- Iteracion 2241  +-+-+-+-+-+-+-+-+-+-+-+-+-+-+-+-+-+-+-

Nuevo optimo. Costo: 722.576Lista tabu: [((32,20,18.028),1), ((22,15,1.0),1), ((2,22,9.055),1), ((12,32,15.0),2), ((7,25,10.77),2), ((15,7,25.71),2), ((12,7,14.866),1), ((12,32,15.0),3), ((22,15,1.0),3), ((2,22,9.055),3), ((12,22,21.932),2), ((2,22,9.055),4), ((15,7,25.71),4), ((15,2,10.05),3), ((14,9,10.0),5), ((8,27,10.296),5), ((14,8,21.024),4), ((12,32,15.0),6), ((32,20,18.028),6), ((24,29,6.325),6), ((32,29,12.806),5)]

Ruta #1: [1, 23, 24, 12, 7, 25]
Costo asociado: 77.037      Capacidad: 69.0

Ruta #2: [1, 3, 21, 5, 13, 31, 11]
Costo asociado: 142.856      Capacidad: 93.0

Ruta #3: [1, 16, 17, 4, 10, 18, 26]
Costo asociado: 181.04000000000002      Capacidad: 98.0

Ruta #4: [1, 29, 19, 32, 30, 2, 22, 15, 20]
Costo asociado: 133.70900000000003      Capacidad: 98.0

Ruta #5: [1, 33, 14, 9, 8, 27, 6, 28]
Costo asociado: 177.866      Capacidad: 88.0
--> Costo total: 719.178          Capacidad total: 446.0

+-+-+-+-+-+-+-+-+-+-+-+-+-+-+-+-+-+-+- Iteracion 2297  +-+-+-+-+-+-+-+-+-+-+-+-+-+-+-+-+-+-+-

Nuevo optimo. Costo: 719.178Lista tabu: [((28,6,6.083),1), ((6,27,15.0),1), ((13,31,20.224),1), ((31,11,8.485),1), ((12,20,15.811),2), ((20,2,19.0),2), ((29,19,3.162),2), ((19,32,10.296),2), ((12,19,7.81),1), ((24,29,6.325),3), ((29,19,3.162),3), ((1,12,17.804),3), ((12,20,15.811),3), ((24,12,10.05),2), ((12,20,15.811),4), ((20,2,19.0),4), ((24,29,6.325),4), ((29,19,3.162),4), ((12,29,9.434),3), ((6,28,6.083),5), ((28,1,61.131),5), ((1,11,55.326),5), ((11,31,8.485),5), ((6,11,16.763),4), ((14,9,10.0),6), ((27,6,15.0),6), ((27,14,18.868),5)]

Ruta #1: [1, 23, 24, 12, 7, 25]
Costo asociado: 77.037      Capacidad: 69.0

Ruta #2: [1, 3, 21, 5, 13, 31, 11]
Costo asociado: 142.856      Capacidad: 93.0

Ruta #3: [1, 16, 17, 4, 10, 18, 26]
Costo asociado: 181.04000000000002      Capacidad: 98.0

Ruta #4: [1, 29, 19, 32, 30, 2, 22, 15, 20]
Costo asociado: 133.70900000000003      Capacidad: 98.0

Ruta #5: [1, 33, 14, 9, 8, 27, 6, 28]
Costo asociado: 177.866      Capacidad: 88.0
--> Costo total: 719.078          Capacidad total: 446.0

+-+-+-+-+-+-+-+-+-+-+-+-+-+-+-+-+-+-+- Iteracion 2309  +-+-+-+-+-+-+-+-+-+-+-+-+-+-+-+-+-+-+-

Nuevo optimo. Costo: 719.078Lista tabu: [((32,30,20.518),1), ((30,1,40.012),1), ((15,2,10.05),1), ((2,22,9.055),1), ((23,24,11.18),2), ((19,32,10.296),2), ((23,19,19.209),1), ((28,6,6.083),3), ((6,27,15.0),3), ((1,11,55.326),3), ((11,31,8.485),3), ((28,11,11.662),2), ((9,8,11.045),4), ((27,6,15.0),4), ((9,27,11.662),3), ((29,19,3.162),5), ((32,30,20.518),5), ((29,32,12.806),4), ((23,24,11.18),6), ((24,29,6.325),6), ((1,16,20.0),6), ((16,17,20.125),6), ((23,16,12.207),5)]

Ruta #1: [1, 23, 24, 12, 7, 25]
Costo asociado: 77.037      Capacidad: 69.0

Ruta #2: [1, 3, 21, 5, 13, 31, 11]
Costo asociado: 142.856      Capacidad: 93.0

Ruta #3: [1, 16, 17, 4, 10, 18, 26]
Costo asociado: 181.04000000000002      Capacidad: 98.0

Ruta #4: [1, 29, 19, 32, 30, 2, 22, 15, 20]
Costo asociado: 133.70900000000003      Capacidad: 98.0

Ruta #5: [1, 33, 14, 9, 8, 27, 6, 28]
Costo asociado: 177.866      Capacidad: 88.0
--> Costo total: 751.681          Capacidad total: 446.0

Ruta #1: [1, 23, 24, 12, 7, 25]
Costo asociado: 77.037      Capacidad: 69.0

Ruta #2: [1, 3, 21, 5, 13, 31, 11]
Costo asociado: 142.856      Capacidad: 93.0

Ruta #3: [1, 16, 17, 4, 10, 18, 26]
Costo asociado: 181.04000000000002      Capacidad: 98.0

Ruta #4: [1, 29, 19, 32, 30, 2, 22, 15, 20]
Costo asociado: 133.70900000000003      Capacidad: 98.0

Ruta #5: [1, 33, 14, 9, 8, 27, 6, 28]
Costo asociado: 177.866      Capacidad: 88.0
--> Costo total: 745.873          Capacidad total: 446.0

+-+-+-+-+-+-+-+-+-+-+-+-+-+-+-+-+-+-+- Iteracion 2431  +-+-+-+-+-+-+-+-+-+-+-+-+-+-+-+-+-+-+-

Nuevo optimo. Costo: 745.873Lista tabu: [((24,29,6.325),1), ((32,30,20.518),1), ((19,32,10.296),1), ((23,24,11.18),2), ((29,19,3.162),2), ((29,23,16.279),1), ((14,9,10.0),3), ((27,6,15.0),3), ((8,27,10.296),3), ((27,14,18.868),2), ((12,15,21.26),4), ((20,7,16.763),4), ((2,20,19.0),4), ((12,20,15.811),3), ((1,12,17.804),5), ((12,15,21.26),5), ((29,19,3.162),5), ((12,19,7.81),4), ((1,23,7.81),6), ((23,24,11.18),6), ((1,12,17.804),6), ((23,12,20.881),5)]

Ruta #1: [1, 23, 24, 12, 7, 25]
Costo asociado: 77.037      Capacidad: 69.0

Ruta #2: [1, 3, 21, 5, 13, 31, 11]
Costo asociado: 142.856      Capacidad: 93.0

Ruta #3: [1, 16, 17, 4, 10, 18, 26]
Costo asociado: 181.04000000000002      Capacidad: 98.0

Ruta #4: [1, 29, 19, 32, 30, 2, 22, 15, 20]
Costo asociado: 133.70900000000003      Capacidad: 98.0

Ruta #5: [1, 33, 14, 9, 8, 27, 6, 28]
Costo asociado: 177.866      Capacidad: 88.0
--> Costo total: 719.918          Capacidad total: 446.0

+-+-+-+-+-+-+-+-+-+-+-+-+-+-+-+-+-+-+- Iteracion 2464  +-+-+-+-+-+-+-+-+-+-+-+-+-+-+-+-+-+-+-

Nuevo optimo. Costo: 719.918Lista tabu: [((12,15,21.26),1), ((20,7,16.763),1), ((2,20,19.0),1), ((24,29,6.325),2), ((19,32,10.296),2), ((24,19,8.602),1), ((19,32,10.296),3), ((32,30,20.518),3), ((2,20,19.0),3), ((32,20,18.028),2), ((15,22,1.0),4), ((20,7,16.763),4), ((2,20,19.0),4), ((15,20,9.055),3), ((12,15,21.26),5), ((25,1,22.361),5), ((7,25,10.77),5), ((25,12,21.84),4), ((19,32,10.296),6), ((32,30,20.518),6), ((12,15,21.26),6), ((32,15,16.031),5)]

Ruta #1: [1, 23, 24, 12, 7, 25]
Costo asociado: 77.037      Capacidad: 69.0

Ruta #2: [1, 3, 21, 5, 13, 31, 11]
Costo asociado: 142.856      Capacidad: 93.0

Ruta #3: [1, 16, 17, 4, 10, 18, 26]
Costo asociado: 181.04000000000002      Capacidad: 98.0

Ruta #4: [1, 29, 19, 32, 30, 2, 22, 15, 20]
Costo asociado: 133.70900000000003      Capacidad: 98.0

Ruta #5: [1, 33, 14, 9, 8, 27, 6, 28]
Costo asociado: 177.866      Capacidad: 88.0
--> Costo total: 719.078          Capacidad total: 446.0

+-+-+-+-+-+-+-+-+-+-+-+-+-+-+-+-+-+-+- Iteracion 2494  +-+-+-+-+-+-+-+-+-+-+-+-+-+-+-+-+-+-+-

Nuevo optimo. Costo: 719.078Lista tabu: [((14,9,10.0),1), ((27,6,15.0),1), ((8,27,10.296),1), ((15,22,1.0),2), ((2,20,19.0),2), ((2,15,10.05),1), ((23,24,11.18),3), ((29,19,3.162),3), ((29,23,16.279),2), ((23,24,11.18),4), ((19,32,10.296),4), ((29,19,3.162),4), ((19,23,19.209),3), ((8,27,10.296),5), ((27,6,15.0),5), ((18,26,34.234),5), ((27,26,22.023),4), ((1,12,17.804),6), ((12,15,21.26),6), ((19,32,10.296),6), ((12,32,15.0),5)]

Ruta #1: [1, 23, 24, 12, 7, 25]
Costo asociado: 77.037      Capacidad: 69.0

Ruta #2: [1, 3, 21, 5, 13, 31, 11]
Costo asociado: 142.856      Capacidad: 93.0

Ruta #3: [1, 16, 17, 4, 10, 18, 26]
Costo asociado: 181.04000000000002      Capacidad: 98.0

Ruta #4: [1, 29, 19, 32, 30, 2, 22, 15, 20]
Costo asociado: 133.70900000000003      Capacidad: 98.0

Ruta #5: [1, 33, 14, 9, 8, 27, 6, 28]
Costo asociado: 177.866      Capacidad: 88.0
--> Costo total: 749.207          Capacidad total: 446.0

Ruta #1: [1, 23, 24, 12, 7, 25]
Costo asociado: 77.037      Capacidad: 69.0

Ruta #2: [1, 3, 21, 5, 13, 31, 11]
Costo asociado: 142.856      Capacidad: 93.0

Ruta #3: [1, 16, 17, 4, 10, 18, 26]
Costo asociado: 181.04000000000002      Capacidad: 98.0

Ruta #4: [1, 29, 19, 32, 30, 2, 22, 15, 20]
Costo asociado: 133.70900000000003      Capacidad: 98.0

Ruta #5: [1, 33, 14, 9, 8, 27, 6, 28]
Costo asociado: 177.866      Capacidad: 88.0
--> Costo total: 748.771          Capacidad total: 446.0

+-+-+-+-+-+-+-+-+-+-+-+-+-+-+-+-+-+-+- Iteracion 2625  +-+-+-+-+-+-+-+-+-+-+-+-+-+-+-+-+-+-+-

Nuevo optimo. Costo: 748.771Lista tabu: [((29,24,6.325),1), ((32,30,20.518),1), ((15,22,1.0),2), ((2,20,19.0),2), ((2,15,10.05),1), ((12,15,21.26),3), ((25,1,22.361),3), ((12,25,21.84),2), ((19,29,3.162),4), ((1,12,17.804),4), ((19,12,7.81),3), ((27,6,15.0),5), ((28,1,61.131),5), ((28,27,21.024),4), ((13,31,20.224),6), ((11,1,55.326),6), ((13,11,16.643),5)]

Ruta #1: [1, 23, 24, 12, 7, 25]
Costo asociado: 77.037      Capacidad: 69.0

Ruta #2: [1, 3, 21, 5, 13, 31, 11]
Costo asociado: 142.856      Capacidad: 93.0

Ruta #3: [1, 16, 17, 4, 10, 18, 26]
Costo asociado: 181.04000000000002      Capacidad: 98.0

Ruta #4: [1, 29, 19, 32, 30, 2, 22, 15, 20]
Costo asociado: 133.70900000000003      Capacidad: 98.0

Ruta #5: [1, 33, 14, 9, 8, 27, 6, 28]
Costo asociado: 177.866      Capacidad: 88.0
--> Costo total: 743.184          Capacidad total: 446.0

+-+-+-+-+-+-+-+-+-+-+-+-+-+-+-+-+-+-+- Iteracion 2631  +-+-+-+-+-+-+-+-+-+-+-+-+-+-+-+-+-+-+-

Nuevo optimo. Costo: 743.184Lista tabu: [((1,19,19.235),5), ((24,23,11.18),5), ((1,24,10.77),3), ((14,9,10.0),2), ((8,27,10.296),2), ((14,8,21.024),1), ((24,29,6.325),3), ((32,30,20.518),3), ((32,24,18.868),2), ((12,15,21.26),4), ((20,7,16.763),4), ((12,20,15.811),3), ((12,15,21.26),5), ((25,1,22.361),5), ((25,12,21.84),4), ((15,22,1.0),6), ((2,20,19.0),6), ((2,15,10.05),5)]

Ruta #1: [1, 23, 24, 12, 7, 25]
Costo asociado: 77.037      Capacidad: 69.0

Ruta #2: [1, 3, 21, 5, 13, 31, 11]
Costo asociado: 142.856      Capacidad: 93.0

Ruta #3: [1, 16, 17, 4, 10, 18, 26]
Costo asociado: 181.04000000000002      Capacidad: 98.0

Ruta #4: [1, 29, 19, 32, 30, 2, 22, 15, 20]
Costo asociado: 133.70900000000003      Capacidad: 98.0

Ruta #5: [1, 33, 14, 9, 8, 27, 6, 28]
Costo asociado: 177.866      Capacidad: 88.0
--> Costo total: 731.992          Capacidad total: 446.0

+-+-+-+-+-+-+-+-+-+-+-+-+-+-+-+-+-+-+- Iteracion 2640  +-+-+-+-+-+-+-+-+-+-+-+-+-+-+-+-+-+-+-

Nuevo optimo. Costo: 731.992Lista tabu: [((29,19,3.162),2), ((23,32,29.0),2), ((24,29,6.325),1), ((19,32,10.296),1), ((9,8,11.045),2), ((27,6,15.0),2), ((27,9,11.662),1), ((14,9,10.0),3), ((8,27,10.296),3), ((8,14,21.024),2), ((24,29,6.325),4), ((1,12,17.804),4), ((24,12,10.05),3), ((12,15,21.26),5), ((25,1,22.361),5), ((25,12,21.84),4), ((22,2,9.055),6), ((20,7,16.763),6), ((22,20,10.05),5)]

Ruta #1: [1, 23, 24, 12, 7, 25]
Costo asociado: 77.037      Capacidad: 69.0

Ruta #2: [1, 3, 21, 5, 13, 31, 11]
Costo asociado: 142.856      Capacidad: 93.0

Ruta #3: [1, 16, 17, 4, 10, 18, 26]
Costo asociado: 181.04000000000002      Capacidad: 98.0

Ruta #4: [1, 29, 19, 32, 30, 2, 22, 15, 20]
Costo asociado: 133.70900000000003      Capacidad: 98.0

Ruta #5: [1, 33, 14, 9, 8, 27, 6, 28]
Costo asociado: 177.866      Capacidad: 88.0
--> Costo total: 719.078          Capacidad total: 446.0

+-+-+-+-+-+-+-+-+-+-+-+-+-+-+-+-+-+-+- Iteracion 2647  +-+-+-+-+-+-+-+-+-+-+-+-+-+-+-+-+-+-+-

Nuevo optimo. Costo: 719.078Lista tabu: [((24,29,6.325),4), ((23,19,19.209),4), ((23,24,11.18),2), ((27,6,15.0),1), ((28,1,61.131),1), ((24,23,11.18),2), ((32,30,20.518),2), ((32,24,18.868),1), ((29,19,3.162),3), ((32,30,20.518),3), ((29,32,12.806),2), ((14,9,10.0),4), ((27,6,15.0),4), ((27,14,18.868),3), ((14,9,10.0),5), ((8,27,10.296),5), ((8,14,21.024),4), ((12,15,21.26),6), ((25,1,22.361),6), ((25,12,21.84),5)]

Ruta #1: [1, 23, 24, 12, 7, 25]
Costo asociado: 77.037      Capacidad: 69.0

Ruta #2: [1, 3, 21, 5, 13, 31, 11]
Costo asociado: 142.856      Capacidad: 93.0

Ruta #3: [1, 16, 17, 4, 10, 18, 26]
Costo asociado: 181.04000000000002      Capacidad: 98.0

Ruta #4: [1, 29, 19, 32, 30, 2, 22, 15, 20]
Costo asociado: 133.70900000000003      Capacidad: 98.0

Ruta #5: [1, 33, 14, 9, 8, 27, 6, 28]
Costo asociado: 177.866      Capacidad: 88.0
--> Costo total: 768.595          Capacidad total: 446.0

Ruta #1: [1, 23, 24, 12, 7, 25]
Costo asociado: 77.037      Capacidad: 69.0

Ruta #2: [1, 3, 21, 5, 13, 31, 11]
Costo asociado: 142.856      Capacidad: 93.0

Ruta #3: [1, 16, 17, 4, 10, 18, 26]
Costo asociado: 181.04000000000002      Capacidad: 98.0

Ruta #4: [1, 29, 19, 32, 30, 2, 22, 15, 20]
Costo asociado: 133.70900000000003      Capacidad: 98.0

Ruta #5: [1, 33, 14, 9, 8, 27, 6, 28]
Costo asociado: 177.866      Capacidad: 88.0
--> Costo total: 761.642          Capacidad total: 446.0

+-+-+-+-+-+-+-+-+-+-+-+-+-+-+-+-+-+-+- Iteracion 2749  +-+-+-+-+-+-+-+-+-+-+-+-+-+-+-+-+-+-+-

Nuevo optimo. Costo: 761.642Lista tabu: [((15,22,1.0),6), ((22,2,9.055),6), ((19,32,10.296),6), ((32,30,20.518),6), ((15,32,16.031),5)]

Ruta #1: [1, 23, 24, 12, 7, 25]
Costo asociado: 77.037      Capacidad: 69.0

Ruta #2: [1, 3, 21, 5, 13, 31, 11]
Costo asociado: 142.856      Capacidad: 93.0

Ruta #3: [1, 16, 17, 4, 10, 18, 26]
Costo asociado: 181.04000000000002      Capacidad: 98.0

Ruta #4: [1, 29, 19, 32, 30, 2, 22, 15, 20]
Costo asociado: 133.70900000000003      Capacidad: 98.0

Ruta #5: [1, 33, 14, 9, 8, 27, 6, 28]
Costo asociado: 177.866      Capacidad: 88.0
--> Costo total: 719.178          Capacidad total: 446.0

+-+-+-+-+-+-+-+-+-+-+-+-+-+-+-+-+-+-+- Iteracion 2760  +-+-+-+-+-+-+-+-+-+-+-+-+-+-+-+-+-+-+-

Nuevo optimo. Costo: 719.178Lista tabu: [((19,22,22.847),1), ((22,30,34.015),1), ((32,20,18.028),1), ((20,7,16.763),1), ((28,6,6.083),2), ((6,27,15.0),2), ((5,13,9.22),2), ((13,31,20.224),2), ((28,13,20.025),1), ((12,15,21.26),3), ((15,2,10.05),3), ((7,25,10.77),3), ((25,1,22.361),3), ((25,12,21.84),2), ((6,28,6.083),4), ((28,1,61.131),4), ((13,31,20.224),4), ((31,11,8.485),4), ((6,31,10.05),3), ((14,9,10.0),5), ((27,6,15.0),5), ((27,14,18.868),4), ((12,15,21.26),6), ((15,2,10.05),6), ((1,23,7.81),6), ((23,24,11.18),6), ((12,23,20.881),5)]

Ruta #1: [1, 23, 24, 12, 7, 25]
Costo asociado: 77.037      Capacidad: 69.0

Ruta #2: [1, 3, 21, 5, 13, 31, 11]
Costo asociado: 142.856      Capacidad: 93.0

Ruta #3: [1, 16, 17, 4, 10, 18, 26]
Costo asociado: 181.04000000000002      Capacidad: 98.0

Ruta #4: [1, 29, 19, 32, 30, 2, 22, 15, 20]
Costo asociado: 133.70900000000003      Capacidad: 98.0

Ruta #5: [1, 33, 14, 9, 8, 27, 6, 28]
Costo asociado: 177.866      Capacidad: 88.0
--> Costo total: 719.078          Capacidad total: 446.0

+-+-+-+-+-+-+-+-+-+-+-+-+-+-+-+-+-+-+- Iteracion 2792  +-+-+-+-+-+-+-+-+-+-+-+-+-+-+-+-+-+-+-

Nuevo optimo. Costo: 719.078Lista tabu: [((28,6,6.083),1), ((6,27,15.0),1), ((13,31,20.224),1), ((31,11,8.485),1), ((9,8,11.045),2), ((27,6,15.0),2), ((9,27,11.662),1), ((12,15,21.26),3), ((15,2,10.05),3), ((7,25,10.77),3), ((25,1,22.361),3), ((25,12,21.84),2), ((2,22,9.055),4), ((22,20,10.05),4), ((19,32,10.296),4), ((32,30,20.518),4), ((2,32,17.493),3), ((2,22,9.055),5), ((20,7,16.763),5), ((2,20,19.0),4), ((22,20,10.05),6), ((20,7,16.763),6), ((19,32,10.296),6), ((32,30,20.518),6), ((22,32,16.0),5)]

Ruta #1: [1, 23, 24, 12, 7, 25]
Costo asociado: 77.037      Capacidad: 69.0

Ruta #2: [1, 3, 21, 5, 13, 31, 11]
Costo asociado: 142.856      Capacidad: 93.0

Ruta #3: [1, 16, 17, 4, 10, 18, 26]
Costo asociado: 181.04000000000002      Capacidad: 98.0

Ruta #4: [1, 29, 19, 32, 30, 2, 22, 15, 20]
Costo asociado: 133.70900000000003      Capacidad: 98.0

Ruta #5: [1, 33, 14, 9, 8, 27, 6, 28]
Costo asociado: 177.866      Capacidad: 88.0
--> Costo total: 749.94          Capacidad total: 446.0

Ruta #1: [1, 23, 24, 12, 7, 25]
Costo asociado: 77.037      Capacidad: 69.0

Ruta #2: [1, 3, 21, 5, 13, 31, 11]
Costo asociado: 142.856      Capacidad: 93.0

Ruta #3: [1, 16, 17, 4, 10, 18, 26]
Costo asociado: 181.04000000000002      Capacidad: 98.0

Ruta #4: [1, 29, 19, 32, 30, 2, 22, 15, 20]
Costo asociado: 133.70900000000003      Capacidad: 98.0

Ruta #5: [1, 33, 14, 9, 8, 27, 6, 28]
Costo asociado: 177.866      Capacidad: 88.0
--> Costo total: 749.063          Capacidad total: 446.0

+-+-+-+-+-+-+-+-+-+-+-+-+-+-+-+-+-+-+- Iteracion 2904  +-+-+-+-+-+-+-+-+-+-+-+-+-+-+-+-+-+-+-

Nuevo optimo. Costo: 749.063Lista tabu: [((1,12,17.804),1), ((12,15,21.26),1), ((1,23,7.81),1), ((19,32,10.296),2), ((32,30,20.518),2), ((2,20,19.0),2), ((32,20,18.028),1), ((23,24,11.18),3), ((29,19,3.162),3), ((23,29,16.279),2), ((12,23,20.881),4), ((29,19,3.162),4), ((24,29,6.325),4), ((29,12,9.434),3), ((8,27,10.296),5), ((27,6,15.0),5), ((18,26,34.234),5), ((27,26,22.023),4), ((13,31,20.224),6), ((11,1,55.326),6), ((11,13,16.643),5)]

Ruta #1: [1, 23, 24, 12, 7, 25]
Costo asociado: 77.037      Capacidad: 69.0

Ruta #2: [1, 3, 21, 5, 13, 31, 11]
Costo asociado: 142.856      Capacidad: 93.0

Ruta #3: [1, 16, 17, 4, 10, 18, 26]
Costo asociado: 181.04000000000002      Capacidad: 98.0

Ruta #4: [1, 29, 19, 32, 30, 2, 22, 15, 20]
Costo asociado: 133.70900000000003      Capacidad: 98.0

Ruta #5: [1, 33, 14, 9, 8, 27, 6, 28]
Costo asociado: 177.866      Capacidad: 88.0
--> Costo total: 745.893          Capacidad total: 446.0

+-+-+-+-+-+-+-+-+-+-+-+-+-+-+-+-+-+-+- Iteracion 2908  +-+-+-+-+-+-+-+-+-+-+-+-+-+-+-+-+-+-+-

Nuevo optimo. Costo: 745.893Lista tabu: [((8,27,10.296),1), ((27,6,15.0),1), ((18,26,34.234),1), ((13,31,20.224),2), ((11,1,55.326),2), ((11,13,16.643),1), ((12,23,20.881),7), ((24,29,6.325),7), ((12,24,10.05),5), ((1,12,17.804),4), ((12,24,10.05),4), ((15,22,1.0),4), ((12,22,21.932),3), ((19,32,10.296),5), ((32,30,20.518),5), ((22,2,9.055),5), ((32,2,17.493),4), ((24,23,11.18),6), ((32,30,20.518),6), ((19,32,10.296),6), ((32,24,18.868),5)]

Ruta #1: [1, 23, 24, 12, 7, 25]
Costo asociado: 77.037      Capacidad: 69.0

Ruta #2: [1, 3, 21, 5, 13, 31, 11]
Costo asociado: 142.856      Capacidad: 93.0

Ruta #3: [1, 16, 17, 4, 10, 18, 26]
Costo asociado: 181.04000000000002      Capacidad: 98.0

Ruta #4: [1, 29, 19, 32, 30, 2, 22, 15, 20]
Costo asociado: 133.70900000000003      Capacidad: 98.0

Ruta #5: [1, 33, 14, 9, 8, 27, 6, 28]
Costo asociado: 177.866      Capacidad: 88.0
--> Costo total: 744.4929999999999          Capacidad total: 446.0

+-+-+-+-+-+-+-+-+-+-+-+-+-+-+-+-+-+-+- Iteracion 2933  +-+-+-+-+-+-+-+-+-+-+-+-+-+-+-+-+-+-+-

Nuevo optimo. Costo: 744.4929999999999Lista tabu: [((8,27,10.296),1), ((27,6,15.0),1), ((18,26,34.234),1), ((19,32,10.296),2), ((32,30,20.518),2), ((22,2,9.055),2), ((32,2,17.493),1), ((1,24,10.77),3), ((24,23,11.18),3), ((20,12,15.811),3), ((24,12,10.05),2), ((14,9,10.0),4), ((8,27,10.296),4), ((8,14,21.024),3), ((24,23,11.18),5), ((32,30,20.518),5), ((19,32,10.296),5), ((24,32,18.868),4), ((15,22,1.0),6), ((20,12,15.811),6), ((2,20,19.0),6), ((20,15,9.055),5)]

Ruta #1: [1, 23, 24, 12, 7, 25]
Costo asociado: 77.037      Capacidad: 69.0

Ruta #2: [1, 3, 21, 5, 13, 31, 11]
Costo asociado: 142.856      Capacidad: 93.0

Ruta #3: [1, 16, 17, 4, 10, 18, 26]
Costo asociado: 181.04000000000002      Capacidad: 98.0

Ruta #4: [1, 29, 19, 32, 30, 2, 22, 15, 20]
Costo asociado: 133.70900000000003      Capacidad: 98.0

Ruta #5: [1, 33, 14, 9, 8, 27, 6, 28]
Costo asociado: 177.866      Capacidad: 88.0
--> Costo total: 731.579          Capacidad total: 446.0

+-+-+-+-+-+-+-+-+-+-+-+-+-+-+-+-+-+-+- Iteracion 2936  +-+-+-+-+-+-+-+-+-+-+-+-+-+-+-+-+-+-+-

Nuevo optimo. Costo: 731.579Lista tabu: [((14,9,10.0),1), ((8,27,10.296),1), ((24,23,11.18),2), ((32,30,20.518),2), ((19,32,10.296),2), ((24,32,18.868),1), ((15,22,1.0),3), ((20,12,15.811),3), ((2,20,19.0),3), ((20,15,9.055),2), ((20,12,15.811),8), ((12,7,14.866),8), ((19,32,10.296),8), ((12,32,15.0),6), ((23,29,16.279),5), ((12,32,15.0),5), ((19,12,7.81),5), ((23,12,20.881),4), ((29,19,3.162),6), ((32,30,20.518),6), ((12,32,15.0),6), ((32,29,12.806),5)]

Ruta #1: [1, 23, 24, 12, 7, 25]
Costo asociado: 77.037      Capacidad: 69.0

Ruta #2: [1, 3, 21, 5, 13, 31, 11]
Costo asociado: 142.856      Capacidad: 93.0

Ruta #3: [1, 16, 17, 4, 10, 18, 26]
Costo asociado: 181.04000000000002      Capacidad: 98.0

Ruta #4: [1, 29, 19, 32, 30, 2, 22, 15, 20]
Costo asociado: 133.70900000000003      Capacidad: 98.0

Ruta #5: [1, 33, 14, 9, 8, 27, 6, 28]
Costo asociado: 177.866      Capacidad: 88.0
--> Costo total: 755.5730000000001          Capacidad total: 446.0

Ruta #1: [1, 23, 24, 12, 7, 25]
Costo asociado: 77.037      Capacidad: 69.0

Ruta #2: [1, 3, 21, 5, 13, 31, 11]
Costo asociado: 142.856      Capacidad: 93.0

Ruta #3: [1, 16, 17, 4, 10, 18, 26]
Costo asociado: 181.04000000000002      Capacidad: 98.0

Ruta #4: [1, 29, 19, 32, 30, 2, 22, 15, 20]
Costo asociado: 133.70900000000003      Capacidad: 98.0

Ruta #5: [1, 33, 14, 9, 8, 27, 6, 28]
Costo asociado: 177.866      Capacidad: 88.0
--> Costo total: 749.94          Capacidad total: 446.0

+-+-+-+-+-+-+-+-+-+-+-+-+-+-+-+-+-+-+- Iteracion 3049  +-+-+-+-+-+-+-+-+-+-+-+-+-+-+-+-+-+-+-

Nuevo optimo. Costo: 749.94Lista tabu: [((1,23,7.81),2), ((12,32,15.0),2), ((1,12,17.804),1), ((15,22,1.0),3), ((20,7,16.763),3), ((15,20,9.055),2), ((15,22,1.0),4), ((2,20,19.0),4), ((2,15,10.05),3), ((13,31,20.224),5), ((11,1,55.326),5), ((11,13,16.643),4), ((24,23,11.18),6), ((32,30,20.518),6), ((32,24,18.868),5)]

Ruta #1: [1, 23, 24, 12, 7, 25]
Costo asociado: 77.037      Capacidad: 69.0

Ruta #2: [1, 3, 21, 5, 13, 31, 11]
Costo asociado: 142.856      Capacidad: 93.0

Ruta #3: [1, 16, 17, 4, 10, 18, 26]
Costo asociado: 181.04000000000002      Capacidad: 98.0

Ruta #4: [1, 29, 19, 32, 30, 2, 22, 15, 20]
Costo asociado: 133.70900000000003      Capacidad: 98.0

Ruta #5: [1, 33, 14, 9, 8, 27, 6, 28]
Costo asociado: 177.866      Capacidad: 88.0
--> Costo total: 749.063          Capacidad total: 446.0

+-+-+-+-+-+-+-+-+-+-+-+-+-+-+-+-+-+-+- Iteracion 3059  +-+-+-+-+-+-+-+-+-+-+-+-+-+-+-+-+-+-+-

Nuevo optimo. Costo: 749.063Lista tabu: [((12,19,7.81),1), ((23,32,29.0),1), ((9,8,11.045),1), ((27,6,15.0),1), ((20,7,16.763),2), ((29,19,3.162),2), ((20,19,20.025),1), ((29,19,3.162),3), ((32,30,20.518),3), ((29,32,12.806),2), ((12,23,20.881),4), ((29,19,3.162),4), ((29,12,9.434),3), ((24,29,6.325),5), ((32,30,20.518),5), ((24,32,18.868),4), ((14,9,10.0),6), ((27,6,15.0),6), ((27,14,18.868),5)]

Ruta #1: [1, 23, 24, 12, 7, 25]
Costo asociado: 77.037      Capacidad: 69.0

Ruta #2: [1, 3, 21, 5, 13, 31, 11]
Costo asociado: 142.856      Capacidad: 93.0

Ruta #3: [1, 16, 17, 4, 10, 18, 26]
Costo asociado: 181.04000000000002      Capacidad: 98.0

Ruta #4: [1, 29, 19, 32, 30, 2, 22, 15, 20]
Costo asociado: 133.70900000000003      Capacidad: 98.0

Ruta #5: [1, 33, 14, 9, 8, 27, 6, 28]
Costo asociado: 177.866      Capacidad: 88.0
--> Costo total: 731.9920000000001          Capacidad total: 446.0

+-+-+-+-+-+-+-+-+-+-+-+-+-+-+-+-+-+-+- Iteracion 3066  +-+-+-+-+-+-+-+-+-+-+-+-+-+-+-+-+-+-+-

Nuevo optimo. Costo: 731.9920000000001Lista tabu: [((12,23,20.881),4), ((24,29,6.325),4), ((12,24,10.05),2), ((1,12,17.804),1), ((24,23,11.18),1), ((31,11,8.485),2), ((6,28,6.083),2), ((31,28,4.0),1), ((16,17,20.125),3), ((24,23,11.18),3), ((16,23,12.207),2), ((15,22,1.0),4), ((2,20,19.0),4), ((2,15,10.05),3), ((13,31,20.224),5), ((11,1,55.326),5), ((11,13,16.643),4), ((24,23,11.18),6), ((19,32,10.296),6), ((19,24,8.602),5)]

Ruta #1: [1, 23, 24, 12, 7, 25]
Costo asociado: 77.037      Capacidad: 69.0

Ruta #2: [1, 3, 21, 5, 13, 31, 11]
Costo asociado: 142.856      Capacidad: 93.0

Ruta #3: [1, 16, 17, 4, 10, 18, 26]
Costo asociado: 181.04000000000002      Capacidad: 98.0

Ruta #4: [1, 29, 19, 32, 30, 2, 22, 15, 20]
Costo asociado: 133.70900000000003      Capacidad: 98.0

Ruta #5: [1, 33, 14, 9, 8, 27, 6, 28]
Costo asociado: 177.866      Capacidad: 88.0
--> Costo total: 719.078          Capacidad total: 446.0

+-+-+-+-+-+-+-+-+-+-+-+-+-+-+-+-+-+-+- Iteracion 3093  +-+-+-+-+-+-+-+-+-+-+-+-+-+-+-+-+-+-+-

Nuevo optimo. Costo: 719.078Lista tabu: [((16,17,20.125),1), ((24,23,11.18),1), ((14,9,10.0),2), ((8,27,10.296),2), ((8,14,21.024),1), ((12,15,21.26),3), ((22,2,9.055),3), ((12,22,21.932),2), ((9,8,11.045),4), ((27,6,15.0),4), ((27,9,11.662),3), ((1,24,10.77),5), ((29,19,3.162),5), ((1,29,17.088),4), ((6,28,6.083),6), ((31,11,8.485),6), ((6,11,16.763),5)]

Ruta #1: [1, 23, 24, 12, 7, 25]
Costo asociado: 77.037      Capacidad: 69.0

Ruta #2: [1, 3, 21, 5, 13, 31, 11]
Costo asociado: 142.856      Capacidad: 93.0

Ruta #3: [1, 16, 17, 4, 10, 18, 26]
Costo asociado: 181.04000000000002      Capacidad: 98.0

Ruta #4: [1, 29, 19, 32, 30, 2, 22, 15, 20]
Costo asociado: 133.70900000000003      Capacidad: 98.0

Ruta #5: [1, 33, 14, 9, 8, 27, 6, 28]
Costo asociado: 177.866      Capacidad: 88.0
--> Costo total: 787.6510000000001          Capacidad total: 446.0

Ruta #1: [1, 23, 24, 12, 7, 25]
Costo asociado: 77.037      Capacidad: 69.0

Ruta #2: [1, 3, 21, 5, 13, 31, 11]
Costo asociado: 142.856      Capacidad: 93.0

Ruta #3: [1, 16, 17, 4, 10, 18, 26]
Costo asociado: 181.04000000000002      Capacidad: 98.0

Ruta #4: [1, 29, 19, 32, 30, 2, 22, 15, 20]
Costo asociado: 133.70900000000003      Capacidad: 98.0

Ruta #5: [1, 33, 14, 9, 8, 27, 6, 28]
Costo asociado: 177.866      Capacidad: 88.0
--> Costo total: 764.892          Capacidad total: 446.0

+-+-+-+-+-+-+-+-+-+-+-+-+-+-+-+-+-+-+- Iteracion 3194  +-+-+-+-+-+-+-+-+-+-+-+-+-+-+-+-+-+-+-

Nuevo optimo. Costo: 764.892Lista tabu: [((12,15,21.26),6), ((15,22,1.0),6), ((7,25,10.77),6), ((25,1,22.361),6), ((25,12,21.84),5)]

Ruta #1: [1, 23, 24, 12, 7, 25]
Costo asociado: 77.037      Capacidad: 69.0

Ruta #2: [1, 3, 21, 5, 13, 31, 11]
Costo asociado: 142.856      Capacidad: 93.0

Ruta #3: [1, 16, 17, 4, 10, 18, 26]
Costo asociado: 181.04000000000002      Capacidad: 98.0

Ruta #4: [1, 29, 19, 32, 30, 2, 22, 15, 20]
Costo asociado: 133.70900000000003      Capacidad: 98.0

Ruta #5: [1, 33, 14, 9, 8, 27, 6, 28]
Costo asociado: 177.866      Capacidad: 88.0
--> Costo total: 746.995          Capacidad total: 446.0

+-+-+-+-+-+-+-+-+-+-+-+-+-+-+-+-+-+-+- Iteracion 3196  +-+-+-+-+-+-+-+-+-+-+-+-+-+-+-+-+-+-+-

Nuevo optimo. Costo: 746.995Lista tabu: [((12,15,21.26),4), ((15,22,1.0),4), ((7,25,10.77),4), ((25,1,22.361),4), ((25,12,21.84),3), ((20,7,16.763),9), ((15,1,39.051),9), ((15,20,9.055),7), ((22,2,9.055),6), ((20,15,9.055),6), ((20,22,10.05),5)]

Ruta #1: [1, 23, 24, 12, 7, 25]
Costo asociado: 77.037      Capacidad: 69.0

Ruta #2: [1, 3, 21, 5, 13, 31, 11]
Costo asociado: 142.856      Capacidad: 93.0

Ruta #3: [1, 16, 17, 4, 10, 18, 26]
Costo asociado: 181.04000000000002      Capacidad: 98.0

Ruta #4: [1, 29, 19, 32, 30, 2, 22, 15, 20]
Costo asociado: 133.70900000000003      Capacidad: 98.0

Ruta #5: [1, 33, 14, 9, 8, 27, 6, 28]
Costo asociado: 177.866      Capacidad: 88.0
--> Costo total: 735.006          Capacidad total: 446.0

+-+-+-+-+-+-+-+-+-+-+-+-+-+-+-+-+-+-+- Iteracion 3222  +-+-+-+-+-+-+-+-+-+-+-+-+-+-+-+-+-+-+-

Nuevo optimo. Costo: 735.006Lista tabu: [((12,25,21.84),1), ((25,22,37.363),1), ((2,15,10.05),1), ((15,20,9.055),1), ((32,30,20.518),2), ((30,1,40.012),2), ((1,12,17.804),2), ((12,25,21.84),2), ((32,12,15.0),1), ((22,2,9.055),3), ((15,20,9.055),3), ((22,15,1.0),2), ((11,31,8.485),4), ((31,13,20.224),4), ((1,28,61.131),4), ((28,6,6.083),4), ((11,28,11.662),3), ((23,24,11.18),5), ((29,19,3.162),5), ((29,23,16.279),4), ((2,15,10.05),6), ((20,7,16.763),6), ((2,20,19.0),5)]

Ruta #1: [1, 23, 24, 12, 7, 25]
Costo asociado: 77.037      Capacidad: 69.0

Ruta #2: [1, 3, 21, 5, 13, 31, 11]
Costo asociado: 142.856      Capacidad: 93.0

Ruta #3: [1, 16, 17, 4, 10, 18, 26]
Costo asociado: 181.04000000000002      Capacidad: 98.0

Ruta #4: [1, 29, 19, 32, 30, 2, 22, 15, 20]
Costo asociado: 133.70900000000003      Capacidad: 98.0

Ruta #5: [1, 33, 14, 9, 8, 27, 6, 28]
Costo asociado: 177.866      Capacidad: 88.0
--> Costo total: 734.906          Capacidad total: 446.0

+-+-+-+-+-+-+-+-+-+-+-+-+-+-+-+-+-+-+- Iteracion 3249  +-+-+-+-+-+-+-+-+-+-+-+-+-+-+-+-+-+-+-

Nuevo optimo. Costo: 734.906Lista tabu: [((9,8,11.045),1), ((27,6,15.0),1), ((29,19,3.162),2), ((19,32,10.296),2), ((1,12,17.804),2), ((12,20,15.811),2), ((29,12,9.434),1), ((14,9,10.0),3), ((8,27,10.296),3), ((14,8,21.024),2), ((1,23,7.81),4), ((24,29,6.325),4), ((1,24,10.77),3), ((13,31,20.224),5), ((31,11,8.485),5), ((27,6,15.0),5), ((6,28,6.083),5), ((13,6,20.248),4), ((12,20,15.811),6), ((20,22,10.05),6), ((19,32,10.296),6), ((32,30,20.518),6), ((12,32,15.0),5)]

Ruta #1: [1, 23, 24, 12, 7, 25]
Costo asociado: 77.037      Capacidad: 69.0

Ruta #2: [1, 3, 21, 5, 13, 31, 11]
Costo asociado: 142.856      Capacidad: 93.0

Ruta #3: [1, 16, 17, 4, 10, 18, 26]
Costo asociado: 181.04000000000002      Capacidad: 98.0

Ruta #4: [1, 29, 19, 32, 30, 2, 22, 15, 20]
Costo asociado: 133.70900000000003      Capacidad: 98.0

Ruta #5: [1, 33, 14, 9, 8, 27, 6, 28]
Costo asociado: 177.866      Capacidad: 88.0
--> Costo total: 731.568          Capacidad total: 446.0

+-+-+-+-+-+-+-+-+-+-+-+-+-+-+-+-+-+-+- Iteracion 3292  +-+-+-+-+-+-+-+-+-+-+-+-+-+-+-+-+-+-+-

Nuevo optimo. Costo: 731.568Lista tabu: [((23,24,11.18),1), ((29,19,3.162),1), ((24,29,6.325),2), ((19,32,10.296),2), ((24,19,8.602),1), ((1,23,7.81),3), ((23,24,11.18),3), ((29,19,3.162),3), ((19,32,10.296),3), ((1,19,19.235),2), ((11,31,8.485),4), ((31,13,20.224),4), ((1,28,61.131),4), ((28,6,6.083),4), ((11,28,11.662),3), ((20,2,19.0),5), ((22,15,1.0),5), ((22,20,10.05),4), ((23,24,11.18),6), ((19,32,10.296),6), ((23,19,19.209),5)]

Ruta #1: [1, 23, 24, 12, 7, 25]
Costo asociado: 77.037      Capacidad: 69.0

Ruta #2: [1, 3, 21, 5, 13, 31, 11]
Costo asociado: 142.856      Capacidad: 93.0

Ruta #3: [1, 16, 17, 4, 10, 18, 26]
Costo asociado: 181.04000000000002      Capacidad: 98.0

Ruta #4: [1, 29, 19, 32, 30, 2, 22, 15, 20]
Costo asociado: 133.70900000000003      Capacidad: 98.0

Ruta #5: [1, 33, 14, 9, 8, 27, 6, 28]
Costo asociado: 177.866      Capacidad: 88.0
--> Costo total: 731.2449999999999          Capacidad total: 446.0

+-+-+-+-+-+-+-+-+-+-+-+-+-+-+-+-+-+-+- Iteracion 3305  +-+-+-+-+-+-+-+-+-+-+-+-+-+-+-+-+-+-+-

Nuevo optimo. Costo: 731.2449999999999Lista tabu: [((12,15,21.26),1), ((15,2,10.05),1), ((23,24,11.18),1), ((24,29,6.325),1), ((28,6,6.083),2), ((6,27,15.0),2), ((5,13,9.22),2), ((13,31,20.224),2), ((28,13,20.025),1), ((26,18,34.234),3), ((18,10,16.643),3), ((1,11,55.326),3), ((11,31,8.485),3), ((26,11,10.817),2), ((15,2,10.05),4), ((20,25,27.514),4), ((15,20,9.055),3), ((29,19,3.162),5), ((19,32,10.296),5), ((1,12,17.804),5), ((12,15,21.26),5), ((29,12,9.434),4), ((24,29,6.325),6), ((32,30,20.518),6), ((24,32,18.868),5)]

Ruta #1: [1, 23, 24, 12, 7, 25]
Costo asociado: 77.037      Capacidad: 69.0

Ruta #2: [1, 3, 21, 5, 13, 31, 11]
Costo asociado: 142.856      Capacidad: 93.0

Ruta #3: [1, 16, 17, 4, 10, 18, 26]
Costo asociado: 181.04000000000002      Capacidad: 98.0

Ruta #4: [1, 29, 19, 32, 30, 2, 22, 15, 20]
Costo asociado: 133.70900000000003      Capacidad: 98.0

Ruta #5: [1, 33, 14, 9, 8, 27, 6, 28]
Costo asociado: 177.866      Capacidad: 88.0
--> Costo total: 718.855          Capacidad total: 446.0

+-+-+-+-+-+-+-+-+-+-+-+-+-+-+-+-+-+-+- Iteracion 3312  +-+-+-+-+-+-+-+-+-+-+-+-+-+-+-+-+-+-+-

Nuevo optimo. Costo: 718.855Lista tabu: [((12,15,21.26),4), ((22,20,10.05),4), ((12,22,21.932),2), ((12,22,21.932),1), ((22,2,9.055),1), ((1,23,7.81),1), ((23,24,11.18),1), ((23,24,11.18),2), ((19,32,10.296),2), ((19,23,19.209),1), ((27,6,15.0),3), ((28,1,61.131),3), ((28,27,21.024),2), ((13,31,20.224),4), ((11,1,55.326),4), ((11,13,16.643),3), ((20,25,27.514),5), ((25,7,10.77),5), ((19,32,10.296),5), ((32,30,20.518),5), ((20,32,18.028),4), ((23,24,11.18),6), ((29,19,3.162),6), ((29,23,16.279),5)]

Ruta #1: [1, 23, 24, 12, 7, 25]
Costo asociado: 77.037      Capacidad: 69.0

Ruta #2: [1, 3, 21, 5, 13, 31, 11]
Costo asociado: 142.856      Capacidad: 93.0

Ruta #3: [1, 16, 17, 4, 10, 18, 26]
Costo asociado: 181.04000000000002      Capacidad: 98.0

Ruta #4: [1, 29, 19, 32, 30, 2, 22, 15, 20]
Costo asociado: 133.70900000000003      Capacidad: 98.0

Ruta #5: [1, 33, 14, 9, 8, 27, 6, 28]
Costo asociado: 177.866      Capacidad: 88.0
--> Costo total: 749.693          Capacidad total: 446.0

Ruta #1: [1, 23, 24, 12, 7, 25]
Costo asociado: 77.037      Capacidad: 69.0

Ruta #2: [1, 3, 21, 5, 13, 31, 11]
Costo asociado: 142.856      Capacidad: 93.0

Ruta #3: [1, 16, 17, 4, 10, 18, 26]
Costo asociado: 181.04000000000002      Capacidad: 98.0

Ruta #4: [1, 29, 19, 32, 30, 2, 22, 15, 20]
Costo asociado: 133.70900000000003      Capacidad: 98.0

Ruta #5: [1, 33, 14, 9, 8, 27, 6, 28]
Costo asociado: 177.866      Capacidad: 88.0
--> Costo total: 744.754          Capacidad total: 446.0

+-+-+-+-+-+-+-+-+-+-+-+-+-+-+-+-+-+-+- Iteracion 3432  +-+-+-+-+-+-+-+-+-+-+-+-+-+-+-+-+-+-+-

Nuevo optimo. Costo: 744.754Lista tabu: [((19,32,10.296),1), ((32,30,20.518),1), ((2,15,10.05),1), ((29,19,3.162),2), ((32,30,20.518),2), ((32,29,12.806),1), ((12,23,20.881),3), ((29,19,3.162),3), ((24,29,6.325),3), ((29,12,9.434),2), ((24,29,6.325),4), ((19,32,10.296),4), ((19,24,8.602),3), ((1,12,17.804),5), ((19,32,10.296),5), ((29,19,3.162),5), ((1,19,19.235),4), ((14,9,10.0),6), ((8,27,10.296),6), ((8,14,21.024),5)]

Ruta #1: [1, 23, 24, 12, 7, 25]
Costo asociado: 77.037      Capacidad: 69.0

Ruta #2: [1, 3, 21, 5, 13, 31, 11]
Costo asociado: 142.856      Capacidad: 93.0

Ruta #3: [1, 16, 17, 4, 10, 18, 26]
Costo asociado: 181.04000000000002      Capacidad: 98.0

Ruta #4: [1, 29, 19, 32, 30, 2, 22, 15, 20]
Costo asociado: 133.70900000000003      Capacidad: 98.0

Ruta #5: [1, 33, 14, 9, 8, 27, 6, 28]
Costo asociado: 177.866      Capacidad: 88.0
--> Costo total: 736.101          Capacidad total: 446.0

+-+-+-+-+-+-+-+-+-+-+-+-+-+-+-+-+-+-+- Iteracion 3447  +-+-+-+-+-+-+-+-+-+-+-+-+-+-+-+-+-+-+-

Nuevo optimo. Costo: 736.101Lista tabu: [((5,13,9.22),1), ((13,31,20.224),1), ((6,28,6.083),1), ((3,21,21.587),2), ((21,5,13.454),2), ((1,33,40.311),2), ((21,33,16.763),1), ((19,32,10.296),3), ((32,30,20.518),3), ((1,22,39.699),3), ((32,22,16.0),2), ((22,2,9.055),4), ((20,7,16.763),4), ((15,20,9.055),4), ((22,20,10.05),3), ((23,24,11.18),5), ((19,32,10.296),5), ((29,19,3.162),5), ((19,23,19.209),4), ((14,9,10.0),6), ((27,6,15.0),6), ((8,27,10.296),6), ((27,14,18.868),5)]

Ruta #1: [1, 23, 24, 12, 7, 25]
Costo asociado: 77.037      Capacidad: 69.0

Ruta #2: [1, 3, 21, 5, 13, 31, 11]
Costo asociado: 142.856      Capacidad: 93.0

Ruta #3: [1, 16, 17, 4, 10, 18, 26]
Costo asociado: 181.04000000000002      Capacidad: 98.0

Ruta #4: [1, 29, 19, 32, 30, 2, 22, 15, 20]
Costo asociado: 133.70900000000003      Capacidad: 98.0

Ruta #5: [1, 33, 14, 9, 8, 27, 6, 28]
Costo asociado: 177.866      Capacidad: 88.0
--> Costo total: 732.732          Capacidad total: 446.0

+-+-+-+-+-+-+-+-+-+-+-+-+-+-+-+-+-+-+- Iteracion 3452  +-+-+-+-+-+-+-+-+-+-+-+-+-+-+-+-+-+-+-

Nuevo optimo. Costo: 732.732Lista tabu: [((14,9,10.0),1), ((27,6,15.0),1), ((8,27,10.296),1), ((7,12,14.866),6), ((25,1,22.361),6), ((25,7,10.77),4), ((13,31,20.224),3), ((11,1,55.326),3), ((13,11,16.643),2), ((24,29,6.325),4), ((32,30,20.518),4), ((19,32,10.296),4), ((32,24,18.868),3), ((24,29,6.325),5), ((29,19,3.162),5), ((25,12,21.84),5), ((29,12,9.434),4), ((8,27,10.296),6), ((27,6,15.0),6), ((18,26,34.234),6), ((27,26,22.023),5)]

+-+-+-+-+-+-+-+-+-+-+-+-+-+-+-+-+-+- Solucion Optima +-+-+-+-+-+-+-+-+-+-+-+-+-+-+-+-+-+-

Ruta #1: [1, 23, 24, 12, 7, 25]
Costo asociado: 77.037      Capacidad: 69.0

Ruta #2: [1, 3, 21, 5, 13, 31, 11]
Costo asociado: 142.856      Capacidad: 93.0

Ruta #3: [1, 16, 17, 4, 10, 18, 26]
Costo asociado: 181.04000000000002      Capacidad: 98.0

Ruta #4: [1, 29, 19, 32, 30, 2, 22, 15, 20]
Costo asociado: 133.70900000000003      Capacidad: 98.0

Ruta #5: [1, 33, 14, 9, 8, 27, 6, 28]
Costo asociado: 177.866      Capacidad: 88.0


Costo total:  712.508        Optimo real:  661.0      Desviación: 7.8%

Cantidad de iteraciones: 3462
Nro de vehiculos: 5
Capacidad Maxima/Vehiculo: 100.0
Tiempo total: 4min 0seg
Tiempo de estancamiento: 3min 19seg
