+-+-+-+-+-+-+-+-+-+-+-+-+-+-+ GRAFO CARGADO +-+-+-+-+-+-+-+-+-+-+-+-+-+-+-
        1         2         3         4         5         6         7         8         9         10        11        12        13        14        15        16        17        18        19        20        21        22        23        24        25        26        27        28        29        30        31        32        33        34        35        36        37        38        39        40        41        42        43        44        45        46        47        48        49        50
1     0         85.147    11.18    48.27    78.313    102.215    29.069    36.125    92.65    41.976    57.009    46.819    40.262    49.679    42.19    58.549    51.264    100.499    95.755    113.018    39.217    89.644    52.345    54.562    53.16    46.174    84.006    39.294    109.289    112.361    39.812    35.847    106.78    42.202    14.036    58.412    43.966    39.051    52.345    69.029    20.0    63.032    95.964    45.88    13.601    65.192    54.452    83.006    17.029    46.098    
2     85.147    0         80.156    36.878    75.584    35.468    59.54    64.846    13.928    57.723    28.284    50.22    57.28    35.468    47.011    63.388    47.518    21.213    86.77    42.579    55.027    5.099    33.015    30.61    50.16    61.66    72.09    57.567    35.128    40.311    51.624    52.773    34.525    56.754    76.007    26.87    53.6    58.523    33.015    16.279    73.824    22.204    15.133    53.151    74.061    20.0    31.064    69.857    74.431    55.902    
3     11.18    80.156    0         43.829    67.186    94.048    21.213    25.495    89.0    31.953    52.773    37.59    30.463    45.177    34.655    62.936    42.059    97.082    84.593    104.862    30.017    84.906    47.17    49.739    43.463    35.511    73.007    29.547    101.671    104.403    31.401    28.284    99.02    32.311    4.243    54.12    34.438    29.155    47.17    64.498    9.22    57.983    92.13    36.249    6.325    60.208    49.092    72.062    6.708    36.056    
4     48.27    36.878    43.829    0         64.382    58.941    24.515    34.366    45.188    29.732    8.944    24.698    28.16    1.414    15.811    44.294    25.495    53.31    80.604    69.26    24.739    41.4    5.099    6.403    29.732    36.249    65.215    27.893    64.078    68.007    20.616    19.0    62.032    28.792    39.812    10.296    26.401    28.862    5.099    20.809    38.601    14.866    48.301    27.295    37.59    16.971    7.28    63.246    38.626    30.414    
5     78.313    75.584    67.186    64.382    0         59.841    55.714    43.174    89.493    40.311    67.476    41.049    42.544    64.351    51.039    107.801    39.051    96.566    17.72    67.72    45.618    80.081    61.555    63.781    34.828    33.838    8.485    43.463    70.036    69.123    48.374    53.235    66.91    40.719    64.498    67.624    41.183    43.081    61.555    70.328    58.421    64.9    90.521    39.446    65.924    66.038    60.959    9.434    61.522    37.121    
6     102.215    35.468    94.048    58.941    59.841    0         73.246    71.449    46.043    63.702    53.46    56.851    64.537    57.723    60.033    96.187    52.498    49.518    64.382    10.817    64.203    36.715    53.852    53.151    52.326    63.781    53.151    65.299    10.198    10.63    62.682    66.37    7.071    63.032    89.872    52.345    60.308    65.947    53.852    45.044    85.604    46.271    44.822    58.796    89.045    45.1    51.662    51.245    87.419    60.108    
7     29.069    59.54    21.213    24.515    55.714    73.246    0         14.142    69.289    15.524    33.242    18.248    13.342    25.71    13.454    56.4    22.561    77.492    73.389    84.06    11.0    64.413    26.926    29.732    25.08    21.932    59.666    12.369    80.604    83.487    10.77    7.071    78.006    15.297    16.971    34.482    16.0    12.649    26.926    44.385    14.318    37.577    72.236    18.0    15.811    39.812    28.636    58.249    15.0    19.235    
8     36.125    64.846    25.495    34.366    43.174    71.449    14.142    0         76.295    7.81    42.012    15.264    7.616    35.228    19.0    70.434    19.209    84.528    60.877    82.134    10.05    69.921    35.0    38.0    19.209    10.05    48.166    7.28    79.981    82.037    14.0    15.811    77.104    8.602    22.091    43.0    11.662    6.325    35.0    51.478    16.279    44.407    78.854    12.806    23.022    46.53    36.056    47.043    19.105    11.402    
9     92.65    13.928    89.0    45.188    89.493    46.043    69.289    76.295    0         69.584    36.249    62.29    68.884    43.863    57.723    61.351    60.033    8.246    100.623    51.078    66.287    10.0    42.379    39.56    63.008    74.108    86.006    69.051    43.081    48.466    62.586    62.936    43.382    68.593    85.0    34.928    65.49    70.036    42.379    25.0    83.57    32.016    3.606    65.276    82.735    29.833    40.804    83.774    83.774    68.184    
10    41.976    57.723    31.953    29.732    40.311    63.702    15.524    7.81    69.584    0         36.497    7.616    2.236    30.364    13.928    69.296    11.402    77.782    57.94    74.411    5.657    62.817    29.428    32.388    11.662    7.071    44.147    3.162    72.18    74.277    9.434    13.454    69.311    1.0    28.16    37.336    4.123    3.0    29.428    45.044    22.847    38.013    72.007    5.0    28.443    40.05    30.15    42.755    25.298    4.123    
11    57.009    28.284    52.773    8.944    67.476    53.46    33.242    42.012    36.249    36.497    0         30.364    35.228    7.616    23.022    44.922    29.967    44.385    82.759    63.348    32.062    32.65    7.071    4.123    34.0    42.45    67.209    35.128    57.567    61.847    28.018    27.295    55.785    35.511    48.754    1.414    32.757    36.125    7.071    12.042    47.434    7.28    39.357    33.242    46.53    8.944    6.708    65.115    47.539    36.401    
12    46.819    50.22    37.59    24.698    41.049    56.851    18.248    15.264    62.29    7.616    30.364    0         7.81    25.06    10.0    66.843    4.472    70.456    58.181    67.624    7.616    55.317    23.409    26.249    7.071    12.166    43.463    8.485    65.054    67.357    8.062    13.153    62.241    6.708    33.541    31.048    3.606    9.22    23.409    38.013    28.844    31.064    64.63    3.0    33.242    33.015    23.77    41.785    30.887    6.083    
13    40.262    57.28    30.463    28.16    42.544    64.537    13.342    7.616    68.884    2.236    35.228    7.81    0         28.862    12.369    67.179    12.042    77.104    60.166    75.286    3.606    62.362    28.16    31.145    13.0    9.22    46.325    1.0    72.835    75.073    7.616    11.314    70.007    2.0    26.571    36.125    4.243    1.414    28.16    44.181    21.471    37.121    71.386    5.831    26.683    39.205    29.017    44.911    23.77    6.0    
14    49.679    35.468    45.177    1.414    64.351    57.723    25.71    35.228    43.863    30.364    7.616    25.06    28.862    0         16.492    44.721    25.612    52.0    80.43    68.007    25.495    40.0    4.0    5.0    29.833    36.77    65.0    28.636    62.769    66.731    21.378    20.025    60.745    29.411    41.146    8.944    26.926    29.614    4.0    19.416    39.85    13.454    46.957    27.731    38.949    15.556    6.083    63.008    39.925    30.871    
15    42.19    47.011    34.655    15.811    51.039    60.033    13.454    19.0    57.723    13.928    23.022    10.0    12.369    16.492    0         56.851    12.649    65.97    68.096    70.831    9.055    52.0    16.0    19.0    16.553    20.591    53.226    12.166    67.201    70.178    5.0    6.403    64.637    13.0    30.414    24.0    10.817    13.153    16.0    32.757    27.203    25.71    60.44    12.042    29.206    27.893    17.117    51.478    28.32    15.0    
16    58.549    63.388    62.936    44.294    107.801    96.187    56.4    70.434    61.351    69.296    44.922    66.843    67.179    44.721    56.851    0         68.819    66.212    124.535    105.0    63.64    65.115    48.332    47.17    73.007    76.368    109.293    66.483    98.082    103.019    60.141    55.866    97.005    68.593    61.098    45.607    67.268    67.209    48.332    51.157    64.405    51.196    64.846    68.768    57.94    51.788    49.769    107.378    62.241    71.505    
17    51.264    47.518    42.059    25.495    39.051    52.498    22.561    19.209    60.033    11.402    29.967    4.472    12.042    25.612    12.649    68.819    0         68.118    55.758    63.253    12.083    52.612    23.324    25.942    4.243    14.142    40.706    12.806    60.828    63.032    12.042    17.0    57.983    10.63    38.013    30.463    7.81    13.454    23.324    36.346    33.287    29.614    62.201    6.403    37.696    31.401    23.259    38.91    35.355    8.544    
18    100.499    21.213    97.082    53.31    96.566    49.518    77.492    84.528    8.246    77.782    44.385    70.456    77.104    52.0    65.97    66.212    68.118    0         107.019    53.0    74.525    16.492    50.596    47.76    71.007    82.219    92.698    77.279    44.944    50.249    70.831    71.169    45.804    76.792    93.107    43.081    73.682    78.262    50.596    33.242    91.761    40.262    6.083    73.437    90.802    38.079    49.041    90.477    91.924    76.322    
19    95.755    86.77    84.593    80.604    17.72    64.382    73.389    60.877    100.623    57.94    82.759    58.181    60.166    80.43    68.096    124.535    55.758    107.019    0         70.029    63.159    90.802    77.337    79.31    51.624    51.546    15.556    61.098    74.169    72.0    65.742    70.682    71.253    58.31    82.037    82.735    58.6    60.745    77.337    84.024    75.954    79.31    101.134    56.798    83.546    80.156    76.485    17.692    79.076    54.626    
20    113.018    42.579    104.862    69.26    67.72    10.817    84.06    82.134    51.078    74.411    63.348    67.624    75.286    68.007    70.831    105.0    63.253    53.0    70.029    0         75.0    42.72    64.195    63.325    62.968    74.277    60.415    76.059    8.062    2.828    73.498    77.175    8.062    73.756    100.688    62.169    71.063    76.694    64.195    54.148    96.4    56.089    49.193    69.527    99.86    54.745    61.984    58.694    98.229    70.767    
21    39.217    55.027    30.017    24.739    45.618    64.203    11.0    10.05    66.287    5.657    32.062    7.616    3.606    25.495    9.055    63.64    12.083    74.525    63.159    75.0    0         60.083    25.02    28.018    14.142    12.728    49.041    3.162    72.18    74.653    4.123    7.81    69.426    5.0    25.942    33.015    5.0    4.123    25.02    41.437    21.401    34.366    68.884    7.0    25.632    36.497    26.019    47.539    23.324    8.544    
22    89.644    5.099    84.906    41.4    80.081    36.715    64.413    69.921    10.0    62.817    32.65    55.317    62.362    40.0    52.0    65.115    52.612    16.492    90.802    42.72    60.083    0         37.736    35.228    55.227    66.753    76.322    62.642    34.928    40.262    56.648    57.697    34.785    61.847    80.777    31.241    58.694    63.6    37.736    20.616    78.715    26.926    10.44    58.249    78.772    24.698    35.847    74.095    79.259    61.0    
23    52.345    33.015    47.17    5.099    61.555    53.852    26.926    35.0    42.379    29.428    7.071    23.409    28.16    4.0    16.0    48.332    23.324    50.596    77.337    64.195    25.02    37.736    0         3.0    27.459    35.44    61.847    28.071    59.093    62.968    21.0    20.616    57.009    28.443    43.046    8.0    25.71    29.069    0.0    17.464    41.231    10.817    45.31    26.249    41.049    13.038    2.236    59.816    41.593    29.411    
24    54.562    30.61    49.739    6.403    63.781    53.151    29.732    38.0    39.56    32.388    4.123    26.249    31.145    5.0    19.0    47.17    25.942    47.76    79.31    63.325    28.018    35.228    3.0    0         30.017    38.328    63.781    31.064    57.94    61.984    24.0    23.537    55.973    31.401    45.651    5.0    28.636    32.062    3.0    14.765    44.011    8.485    42.544    29.12    43.566    10.63    2.828    61.717    44.283    32.28    
25    53.16    50.16    43.463    29.732    34.828    52.326    25.08    19.209    63.008    11.662    34.0    7.071    13.0    29.833    16.553    73.007    4.243    71.007    51.624    62.968    14.142    55.227    27.459    30.017    0         12.083    36.674    13.928    61.074    62.936    15.133    20.224    58.138    11.18    39.56    34.438    9.22    14.318    27.459    39.812    34.438    33.242    65.031    7.28    39.56    34.928    27.295    34.928    36.77    7.81    
26    46.174    61.66    35.511    36.249    33.838    63.781    21.932    10.05    74.108    7.071    42.45    12.166    9.22    36.77    20.591    76.368    14.142    82.219    51.546    74.277    12.728    66.753    35.44    38.328    12.083    0         38.328    10.0    72.801    74.411    16.401    20.518    69.814    7.81    32.14    43.174    9.849    9.434    35.44    50.09    26.306    43.186    76.322    9.22    33.0    45.1    35.903    37.121    29.155    6.083    
27    84.006    72.09    73.007    65.215    8.485    53.151    59.666    48.166    86.006    44.147    67.209    43.463    46.325    65.0    53.226    109.293    40.706    92.698    15.556    60.415    49.041    76.322    61.847    63.781    36.674    38.328    0         47.297    63.285    61.984    51.264    56.303    60.208    44.385    70.029    67.179    44.272    47.074    61.847    68.6    64.008    63.781    86.729    42.379    71.176    64.661    60.959    2.236    67.03    40.522    
28    39.294    57.567    29.547    27.893    43.463    65.299    12.369    7.28    69.051    3.162    35.128    8.485    1.0    28.636    12.166    66.483    12.806    77.279    61.098    76.059    3.162    62.642    28.071    31.064    13.928    10.0    47.297    0         73.539    75.822    7.28    10.63    70.725    3.0    25.632    36.056    5.0    1.0    28.071    44.283    20.591    37.216    71.589    6.708    25.71    39.319    29.0    45.891    22.847    7.0    
29    109.289    35.128    101.671    64.078    70.036    10.198    80.604    79.981    43.081    72.18    57.567    65.054    72.835    62.769    67.201    98.082    60.828    44.944    74.169    8.062    72.18    34.928    59.093    57.94    61.074    72.801    63.285    73.539    0         5.385    70.292    73.6    3.162    71.449    97.453    56.321    68.593    74.25    59.093    47.676    93.509    50.289    41.146    67.209    96.4    48.765    56.859    61.4    95.131    68.768    
30    112.361    40.311    104.403    68.007    69.123    10.63    83.487    82.037    48.466    74.277    61.847    67.357    75.073    66.731    70.178    103.019    63.032    50.249    72.0    2.828    74.653    40.262    62.968    61.984    62.936    74.411    61.984    75.822    5.385    0         73.007    76.551    6.083    73.593    100.21    60.638    70.838    76.485    62.968    52.345    96.047    54.571    46.519    69.354    99.298    53.151    60.745    60.208    97.801    70.711    
31    39.812    51.624    31.401    20.616    48.374    62.682    10.77    14.0    62.586    9.434    28.018    8.062    7.616    21.378    5.0    60.141    12.042    70.831    65.742    73.498    4.123    56.648    21.0    24.0    15.133    16.401    51.264    7.28    70.292    73.007    0         5.099    67.624    8.602    27.203    29.0    7.211    8.246    21.0    37.656    23.345    30.594    65.253    8.944    26.42    32.757    22.091    49.649    24.839    11.402    
32    35.847    52.773    28.284    19.0    53.235    66.37    7.071    15.811    62.936    13.454    27.295    13.153    11.314    20.025    6.403    55.866    17.0    71.169    70.682    77.175    7.81    57.697    20.616    23.537    20.224    20.518    56.303    10.63    73.6    76.551    5.099    0         71.028    12.806    24.042    28.443    12.083    11.402    20.616    37.947    21.095    31.016    65.788    13.928    22.804    33.242    22.136    54.708    22.023    16.125    
33    106.78    34.525    99.02    62.032    66.91    7.071    78.006    77.104    43.382    69.311    55.785    62.241    70.007    60.745    64.637    97.005    57.983    45.804    71.253    8.062    69.426    34.785    57.009    55.973    58.138    69.814    60.208    70.725    3.162    6.083    67.624    71.028    0         68.593    94.81    54.571    65.765    71.421    57.009    46.271    90.785    48.508    41.677    64.351    93.814    47.074    54.781    58.31    92.455    65.856    
34    42.202    56.754    32.311    28.792    40.719    63.032    15.297    8.602    68.593    1.0    35.511    6.708    2.0    29.411    13.0    68.593    10.63    76.792    58.31    73.756    5.0    61.847    28.443    31.401    11.18    7.81    44.385    3.0    71.449    73.593    8.602    12.806    68.593    0         28.46    36.346    3.162    3.162    28.443    44.045    23.259    37.014    71.021    4.243    28.636    39.051    29.155    42.953    25.632    4.0    
35    14.036    76.007    4.243    39.812    64.498    89.872    16.971    22.091    85.0    28.16    48.754    33.541    26.571    41.146    30.414    61.098    38.013    93.107    82.037    100.688    25.942    80.777    43.046    45.651    39.56    32.14    70.029    25.632    97.453    100.21    27.203    24.042    94.81    28.46    0         50.09    30.463    25.298    43.046    60.415    6.083    53.852    88.102    32.311    3.162    56.08    44.944    69.0    3.0    32.28    
36    58.412    26.87    54.12    10.296    67.624    52.345    34.482    43.0    34.928    37.336    1.414    31.048    36.125    8.944    24.0    45.607    30.463    43.081    82.735    62.169    33.015    31.241    8.0    5.0    34.438    43.174    67.179    36.056    56.321    60.638    29.0    28.443    54.571    36.346    50.09    0         33.541    37.054    8.0    10.63    48.703    6.083    38.013    33.956    47.885    7.616    7.28    65.069    48.847    37.108    
37    43.966    53.6    34.438    26.401    41.183    60.308    16.0    11.662    65.49    4.123    32.757    3.606    4.243    26.926    10.817    67.268    7.81    73.682    58.6    71.063    5.0    58.694    25.71    28.636    9.22    9.849    44.272    5.0    68.593    70.838    7.211    12.083    65.765    3.162    30.463    33.541    0         5.657    25.71    41.012    25.554    34.0    67.897    2.0    30.364    36.014    26.306    42.72    27.731    4.243    
38    39.051    58.523    29.155    28.862    43.081    65.947    12.649    6.325    70.036    3.0    36.125    9.22    1.414    29.614    13.153    67.209    13.454    78.262    60.745    76.694    4.123    63.6    29.069    32.062    14.318    9.434    47.074    1.0    74.25    76.485    8.246    11.402    71.421    3.162    25.298    37.054    5.657    0         29.069    45.277    20.125    38.21    72.567    7.211    25.495    40.311    30.0    45.706    22.472    7.071    
39    52.345    33.015    47.17    5.099    61.555    53.852    26.926    35.0    42.379    29.428    7.071    23.409    28.16    4.0    16.0    48.332    23.324    50.596    77.337    64.195    25.02    37.736    0.0    3.0    27.459    35.44    61.847    28.071    59.093    62.968    21.0    20.616    57.009    28.443    43.046    8.0    25.71    29.069    0         17.464    41.231    10.817    45.31    26.249    41.049    13.038    2.236    59.816    41.593    29.411    
40    69.029    16.279    64.498    20.809    70.328    45.044    44.385    51.478    25.0    45.044    12.042    38.013    44.181    19.416    32.757    51.157    36.346    33.242    84.024    54.148    41.437    20.616    17.464    14.765    39.812    50.09    68.6    44.283    47.676    52.345    37.656    37.947    46.271    44.045    60.415    10.63    41.012    45.277    17.464    0         58.694    7.071    27.857    41.012    58.31    5.0    15.811    66.4    59.034    44.045    
41    20.0    73.824    9.22    38.601    58.421    85.604    14.318    16.279    83.57    22.847    47.434    28.844    21.471    39.85    27.203    64.405    33.287    91.761    75.954    96.4    21.401    78.715    41.231    44.011    34.438    26.306    64.008    20.591    93.509    96.047    23.345    21.095    90.785    23.259    6.083    48.703    25.554    20.125    41.231    58.694    0         51.894    86.539    27.295    8.062    54.129    42.953    63.008    3.162    26.926    
42    63.032    22.204    57.983    14.866    64.9    46.271    37.577    44.407    32.016    38.013    7.28    31.064    37.121    13.454    25.71    51.196    29.614    40.262    79.31    56.089    34.366    26.926    10.817    8.485    33.242    43.186    63.781    37.216    50.289    54.571    30.594    31.016    48.508    37.014    53.852    6.083    34.0    38.21    10.817    7.071    51.894    0         34.785    34.059    51.865    2.236    8.944    61.62    52.355    37.121    
43    95.964    15.133    92.13    48.301    90.521    44.822    72.236    78.854    3.606    72.007    39.357    64.63    71.386    46.957    60.44    64.846    62.201    6.083    101.134    49.193    68.884    10.44    45.31    42.544    65.031    76.322    86.729    71.589    41.146    46.519    65.253    65.788    41.677    71.021    88.102    38.013    67.897    72.567    45.31    27.857    86.539    34.785    0         67.602    85.884    32.573    43.658    84.504    86.816    70.456    
44    45.88    53.151    36.249    27.295    39.446    58.796    18.0    12.806    65.276    5.0    33.242    3.0    5.831    27.731    12.042    68.768    6.403    73.437    56.798    69.527    7.0    58.249    26.249    29.12    7.28    9.22    42.379    6.708    67.209    69.354    8.944    13.928    64.351    4.243    32.311    33.956    2.0    7.211    26.249    41.012    27.295    34.059    67.602    0         32.28    36.014    26.683    40.804    29.547    3.162    
45    13.601    74.061    6.325    37.59    65.924    89.045    15.811    23.022    82.735    28.443    46.53    33.242    26.683    38.949    29.206    57.94    37.696    90.802    83.546    99.86    25.632    78.772    41.049    43.566    39.56    33.0    71.176    25.71    96.4    99.298    26.42    22.804    93.814    28.636    3.162    47.885    30.364    25.495    41.049    58.31    8.062    51.865    85.884    32.28    0         54.083    43.012    70.064    5.0    32.558    
46    65.192    20.0    60.208    16.971    66.038    45.1    39.812    46.53    29.833    40.05    8.944    33.015    39.205    15.556    27.893    51.788    31.401    38.079    80.156    54.745    36.497    24.698    13.038    10.63    34.928    45.1    64.661    39.319    48.765    53.151    32.757    33.242    47.074    39.051    56.08    7.616    36.014    40.311    13.038    5.0    54.129    2.236    32.573    36.014    54.083    0         11.18    62.482    54.589    39.051    
47    54.452    31.064    49.092    7.28    60.959    51.662    28.636    36.056    40.804    30.15    6.708    23.77    29.017    6.083    17.117    49.769    23.259    49.041    76.485    61.984    26.019    35.847    2.236    2.828    27.295    35.903    60.959    29.0    56.859    60.745    22.091    22.136    54.781    29.155    44.944    7.28    26.306    30.0    2.236    15.811    42.953    8.944    43.658    26.683    43.012    11.18    0         58.898    43.417    29.833    
48    83.006    69.857    72.062    63.246    9.434    51.245    58.249    47.043    83.774    42.755    65.115    41.785    44.911    63.008    51.478    107.378    38.91    90.477    17.692    58.694    47.539    74.095    59.816    61.717    34.928    37.121    2.236    45.891    61.4    60.208    49.649    54.708    58.31    42.953    69.0    65.069    42.72    45.706    59.816    66.4    63.008    61.62    84.504    40.804    70.064    62.482    58.898    0         66.0    39.051    
49    17.029    74.431    6.708    38.626    61.522    87.419    15.0    19.105    83.774    25.298    47.539    30.887    23.77    39.925    28.32    62.241    35.355    91.924    79.076    98.229    23.324    79.259    41.593    44.283    36.77    29.155    67.03    22.847    95.131    97.801    24.839    22.023    92.455    25.632    3.0    48.847    27.731    22.472    41.593    59.034    3.162    52.355    86.816    29.547    5.0    54.589    43.417    66.0    0         29.411    
50    46.098    55.902    36.056    30.414    37.121    60.108    19.235    11.402    68.184    4.123    36.401    6.083    6.0    30.871    15.0    71.505    8.544    76.322    54.626    70.767    8.544    61.0    29.411    32.28    7.81    6.083    40.522    7.0    68.768    70.711    11.402    16.125    65.856    4.0    32.28    37.108    4.243    7.071    29.411    44.045    26.926    37.121    70.456    3.162    32.558    39.051    29.833    39.051    29.411    0         


Demandas:
1: 0.0
2: 14.0
3: 3.0
4: 5.0
5: 9.0
6: 69.0
7: 13.0
8: 25.0
9: 17.0
10: 12.0
11: 12.0
12: 10.0
13: 2.0
14: 23.0
15: 15.0
16: 16.0
17: 26.0
18: 12.0
19: 12.0
20: 26.0
21: 10.0
22: 22.0
23: 4.0
24: 16.0
25: 8.0
26: 23.0
27: 2.0
28: 24.0
29: 12.0
30: 24.0
31: 4.0
32: 19.0
33: 21.0
34: 7.0
35: 15.0
36: 14.0
37: 18.0
38: 7.0
39: 20.0
40: 18.0
41: 2.0
42: 21.0
43: 21.0
44: 3.0
45: 5.0
46: 20.0
47: 16.0
48: 25.0
49: 3.0
50: 10.0
+-+-+-+-+-+-+-+-+-+-+-+-+-+-+-+ SOLUCION INICIAL +-+-+-+-+-+-+-+-+-+-+-+-+-+-+-+-

Ruta #1: [1, 3, 35, 49, 41, 45, 7, 32, 31, 21, 28]
Costo asociado: 104.207      Capacidad: 98.0

Ruta #2: [1, 8, 38, 13, 34, 10, 37, 44, 12, 50]
Costo asociado: 108.168      Capacidad: 94.0

Ruta #3: [1, 15, 17, 25, 26, 5, 27, 19]
Costo asociado: 224.799      Capacidad: 95.0

Ruta #4: [1, 4, 14, 23, 39, 47, 24, 11]
Costo asociado: 119.88      Capacidad: 96.0

Ruta #5: [1, 36, 42, 46, 40, 2, 18]
Costo asociado: 209.722      Capacidad: 99.0

Ruta #6: [1, 16, 9, 43, 22, 33]
Costo asociado: 275.51099999999997      Capacidad: 97.0

Ruta #7: [1, 48, 6]
Costo asociado: 236.466      Capacidad: 94.0

Ruta #8: [1, 29, 30, 20]
Costo asociado: 230.52      Capacidad: 62.0

--> Costo total: 1509.2729999999997          Capacidad total: 735.0

+-+-+-+-+-+-+-+-+-+-+-+-+-+-+-+-+-+-+-+-+-+- Iteracion 23  +-+-+-+-+-+-+-+-+-+-+-+-+-+-+-+-+-+-+-+-+-+-


Ruta #1: [1, 3, 35, 49, 41, 45, 7, 32, 31, 21, 28]
Costo asociado: 104.207      Capacidad: 98.0

Ruta #2: [1, 8, 38, 13, 34, 10, 37, 44, 12, 50]
Costo asociado: 108.168      Capacidad: 94.0

Ruta #3: [1, 15, 17, 25, 26, 5, 27, 19]
Costo asociado: 224.799      Capacidad: 95.0

Ruta #4: [1, 4, 14, 23, 39, 47, 24, 11]
Costo asociado: 119.88      Capacidad: 96.0

Ruta #5: [1, 36, 42, 46, 40, 2, 18]
Costo asociado: 209.722      Capacidad: 99.0

Ruta #6: [1, 16, 9, 43, 22, 33]
Costo asociado: 275.51099999999997      Capacidad: 97.0

Ruta #7: [1, 48, 6]
Costo asociado: 236.466      Capacidad: 94.0

Ruta #8: [1, 29, 30, 20]
Costo asociado: 230.52      Capacidad: 62.0

--> Costo total: 1496.109          Capacidad total: 735.0

+-+-+-+-+-+-+-+-+-+-+-+-+-+-+-+-+-+-+-+-+-+- Iteracion 23  +-+-+-+-+-+-+-+-+-+-+-+-+-+-+-+-+-+-+-+-+-+-

La solución anterior duró 0min 1seg    -------> Nuevo optimo local. Costo: 1496.109       ==> Optimo: 1312.0  Desvio: 15.0%
Lista tabu: [((26,5,33.838),1), ((37,44,2.0),1), ((26,5,33.838),2), ((21,28,3.162),2), ((26,28,10.0),1), ((8,38,6.325),3), ((10,37,4.123),3), ((8,10,7.81),2), ((45,7,15.811),4), ((21,28,3.162),4), ((21,45,25.632),3), ((47,24,2.828),5), ((11,1,57.009),5), ((11,47,6.708),4), ((39,47,2.236),6), ((46,40,5.0),6), ((39,40,17.464),5), ((8,38,6.325),7), ((10,37,4.123),7), ((8,10,7.81),6), ((3,35,4.243),8), ((45,7,15.811),8), ((3,45,6.325),7)]

+-+-+-+-+-+-+-+-+-+-+-+-+-+-+-+-+-+-+-+-+-+- Iteracion 30  +-+-+-+-+-+-+-+-+-+-+-+-+-+-+-+-+-+-+-+-+-+-


Ruta #1: [1, 3, 35, 49, 41, 28, 21, 31, 32, 7, 45]
Costo asociado: 91.043      Capacidad: 98.0

Ruta #2: [1, 8, 38, 13, 34, 10, 37, 44, 12, 50]
Costo asociado: 108.168      Capacidad: 94.0

Ruta #3: [1, 15, 17, 25, 26, 5, 27, 19]
Costo asociado: 224.799      Capacidad: 95.0

Ruta #4: [1, 4, 14, 23, 39, 47, 24, 11]
Costo asociado: 119.88      Capacidad: 96.0

Ruta #5: [1, 36, 42, 46, 40, 2, 18]
Costo asociado: 209.722      Capacidad: 99.0

Ruta #6: [1, 16, 9, 43, 22, 33]
Costo asociado: 275.51099999999997      Capacidad: 97.0

Ruta #7: [1, 48, 6]
Costo asociado: 236.466      Capacidad: 94.0

Ruta #8: [1, 29, 30, 20]
Costo asociado: 230.52      Capacidad: 62.0

--> Costo total: 1494.7939999999999          Capacidad total: 735.0

+-+-+-+-+-+-+-+-+-+-+-+-+-+-+-+-+-+-+-+-+-+- Iteracion 30  +-+-+-+-+-+-+-+-+-+-+-+-+-+-+-+-+-+-+-+-+-+-

La solución anterior duró 0min 0seg    -------> Nuevo optimo local. Costo: 1494.7939999999999       ==> Optimo: 1312.0  Desvio: 14.0%
Lista tabu: [((3,35,4.243),1), ((45,7,15.811),1), ((41,45,8.062),7), ((28,1,39.294),7), ((28,41,20.591),5), ((14,23,4.0),3), ((24,11,4.123),3), ((14,24,5.0),2), ((28,21,3.162),4), ((7,45,15.811),4), ((7,28,12.369),3), ((36,42,6.083),5), ((46,40,5.0),5), ((36,46,7.616),4), ((17,25,4.243),6), ((26,5,33.838),6), ((17,26,14.142),5), ((4,14,1.414),7), ((47,24,2.828),7), ((4,47,7.28),6), ((34,10,1.0),8), ((37,44,2.0),8), ((34,37,3.162),7)]

+-+-+-+-+-+-+-+-+-+-+-+-+-+-+-+-+-+-+-+-+-+- Iteracion 62  +-+-+-+-+-+-+-+-+-+-+-+-+-+-+-+-+-+-+-+-+-+-


Ruta #1: [1, 3, 35, 49, 41, 28, 21, 31, 32, 7, 45]
Costo asociado: 91.043      Capacidad: 98.0

Ruta #2: [1, 8, 38, 13, 34, 10, 37, 12, 44, 50]
Costo asociado: 106.85300000000001      Capacidad: 94.0

Ruta #3: [1, 15, 17, 25, 26, 5, 27, 19]
Costo asociado: 224.799      Capacidad: 95.0

Ruta #4: [1, 4, 14, 23, 39, 47, 24, 11]
Costo asociado: 119.88      Capacidad: 96.0

Ruta #5: [1, 36, 42, 46, 40, 2, 18]
Costo asociado: 209.722      Capacidad: 99.0

Ruta #6: [1, 16, 9, 43, 22, 33]
Costo asociado: 275.51099999999997      Capacidad: 97.0

Ruta #7: [1, 48, 6]
Costo asociado: 236.466      Capacidad: 94.0

Ruta #8: [1, 29, 30, 20]
Costo asociado: 230.52      Capacidad: 62.0

--> Costo total: 1493.746          Capacidad total: 735.0

+-+-+-+-+-+-+-+-+-+-+-+-+-+-+-+-+-+-+-+-+-+- Iteracion 62  +-+-+-+-+-+-+-+-+-+-+-+-+-+-+-+-+-+-+-+-+-+-

La solución anterior duró 0min 1seg    -------> Nuevo optimo local. Costo: 1493.746       ==> Optimo: 1312.0  Desvio: 13.9%
Lista tabu: [((49,41,3.162),1), ((21,31,4.123),1), ((35,49,3.0),2), ((21,31,4.123),2), ((21,35,25.942),1), ((34,10,1.0),3), ((12,44,3.0),3), ((12,34,6.708),2), ((8,38,6.325),4), ((13,34,2.0),4), ((8,13,7.616),3), ((23,39,0.0),5), ((24,11,4.123),5), ((23,24,3.0),4), ((28,21,3.162),6), ((32,7,7.071),6), ((28,32,10.63),5), ((13,34,2.0),7), ((44,50,3.162),7), ((13,44,5.831),6), ((4,14,1.414),8), ((39,47,2.236),8), ((4,39,5.099),7)]

+-+-+-+-+-+-+-+-+-+-+-+-+-+-+-+-+-+-+-+-+-+- Iteracion 63  +-+-+-+-+-+-+-+-+-+-+-+-+-+-+-+-+-+-+-+-+-+-


Ruta #1: [1, 3, 35, 49, 41, 28, 21, 31, 32, 7, 45]
Costo asociado: 91.043      Capacidad: 98.0

Ruta #2: [1, 8, 38, 13, 34, 10, 37, 12, 44, 50]
Costo asociado: 106.85300000000001      Capacidad: 94.0

Ruta #3: [1, 15, 17, 25, 26, 5, 27, 19]
Costo asociado: 224.799      Capacidad: 95.0

Ruta #4: [1, 4, 14, 11, 24, 47, 39, 23]
Costo asociado: 118.83200000000001      Capacidad: 96.0

Ruta #5: [1, 36, 42, 46, 40, 2, 18]
Costo asociado: 209.722      Capacidad: 99.0

Ruta #6: [1, 16, 9, 43, 22, 33]
Costo asociado: 275.51099999999997      Capacidad: 97.0

Ruta #7: [1, 48, 6]
Costo asociado: 236.466      Capacidad: 94.0

Ruta #8: [1, 29, 30, 20]
Costo asociado: 230.52      Capacidad: 62.0

--> Costo total: 1491.7759999999998          Capacidad total: 735.0

+-+-+-+-+-+-+-+-+-+-+-+-+-+-+-+-+-+-+-+-+-+- Iteracion 63  +-+-+-+-+-+-+-+-+-+-+-+-+-+-+-+-+-+-+-+-+-+-

La solución anterior duró 0min 0seg    -------> Nuevo optimo local. Costo: 1491.7759999999998       ==> Optimo: 1312.0  Desvio: 13.9%
Lista tabu: [((35,49,3.0),1), ((21,31,4.123),1), ((34,10,1.0),2), ((12,44,3.0),2), ((12,34,6.708),1), ((8,38,6.325),3), ((13,34,2.0),3), ((8,13,7.616),2), ((23,39,0.0),4), ((24,11,4.123),4), ((23,24,3.0),3), ((28,21,3.162),5), ((32,7,7.071),5), ((28,32,10.63),4), ((13,34,2.0),6), ((44,50,3.162),6), ((13,44,5.831),5), ((4,14,1.414),7), ((39,47,2.236),7), ((4,39,5.099),6), ((14,23,4.0),13), ((11,1,57.009),13), ((11,14,7.616),11)]

+-+-+-+-+-+-+-+-+-+-+-+-+-+-+-+-+-+-+-+-+-+- Iteracion 87  +-+-+-+-+-+-+-+-+-+-+-+-+-+-+-+-+-+-+-+-+-+-


Ruta #1: [1, 3, 35, 49, 41, 28, 21, 31, 32, 7, 45]
Costo asociado: 91.043      Capacidad: 98.0

Ruta #2: [1, 8, 50, 44, 12, 37, 10, 34, 13, 38]
Costo asociado: 104.88300000000001      Capacidad: 94.0

Ruta #3: [1, 15, 17, 25, 26, 5, 27, 19]
Costo asociado: 224.799      Capacidad: 95.0

Ruta #4: [1, 4, 14, 11, 24, 47, 39, 23]
Costo asociado: 118.83200000000001      Capacidad: 96.0

Ruta #5: [1, 36, 42, 46, 40, 2, 18]
Costo asociado: 209.722      Capacidad: 99.0

Ruta #6: [1, 16, 9, 43, 22, 33]
Costo asociado: 275.51099999999997      Capacidad: 97.0

Ruta #7: [1, 48, 6]
Costo asociado: 236.466      Capacidad: 94.0

Ruta #8: [1, 29, 30, 20]
Costo asociado: 230.52      Capacidad: 62.0

--> Costo total: 1491.051          Capacidad total: 735.0

+-+-+-+-+-+-+-+-+-+-+-+-+-+-+-+-+-+-+-+-+-+- Iteracion 87  +-+-+-+-+-+-+-+-+-+-+-+-+-+-+-+-+-+-+-+-+-+-

La solución anterior duró 0min 0seg    -------> Nuevo optimo local. Costo: 1491.051       ==> Optimo: 1312.0  Desvio: 13.7%
Lista tabu: [((8,50,11.402),1), ((13,38,1.414),1), ((28,21,3.162),2), ((32,7,7.071),2), ((28,32,10.63),1), ((32,7,7.071),3), ((45,1,13.601),3), ((32,45,22.804),2), ((50,44,3.162),4), ((10,34,1.0),4), ((10,50,4.123),3), ((44,12,3.0),5), ((34,13,2.0),5), ((34,44,4.243),4), ((28,21,3.162),6), ((7,45,15.811),6), ((7,28,12.369),5), ((14,11,7.616),7), ((23,1,52.345),7), ((14,23,4.0),6), ((49,41,3.162),8), ((45,1,13.601),8), ((45,49,5.0),7)]

+-+-+-+-+-+-+-+-+-+-+-+-+-+-+-+-+-+-+-+-+-+- Iteracion 105  +-+-+-+-+-+-+-+-+-+-+-+-+-+-+-+-+-+-+-+-+-+-


Ruta #1: [1, 3, 35, 49, 41, 28, 21, 31, 32, 7, 45]
Costo asociado: 91.043      Capacidad: 98.0

Ruta #2: [1, 8, 50, 44, 12, 37, 34, 10, 13, 38]
Costo asociado: 104.158      Capacidad: 94.0

Ruta #3: [1, 15, 17, 25, 26, 5, 27, 19]
Costo asociado: 224.799      Capacidad: 95.0

Ruta #4: [1, 4, 14, 11, 24, 47, 39, 23]
Costo asociado: 118.83200000000001      Capacidad: 96.0

Ruta #5: [1, 36, 42, 46, 40, 2, 18]
Costo asociado: 209.722      Capacidad: 99.0

Ruta #6: [1, 16, 9, 43, 22, 33]
Costo asociado: 275.51099999999997      Capacidad: 97.0

Ruta #7: [1, 48, 6]
Costo asociado: 236.466      Capacidad: 94.0

Ruta #8: [1, 29, 30, 20]
Costo asociado: 230.52      Capacidad: 62.0

--> Costo total: 1490.214          Capacidad total: 735.0

+-+-+-+-+-+-+-+-+-+-+-+-+-+-+-+-+-+-+-+-+-+- Iteracion 105  +-+-+-+-+-+-+-+-+-+-+-+-+-+-+-+-+-+-+-+-+-+-

La solución anterior duró 0min 1seg    -------> Nuevo optimo local. Costo: 1490.214       ==> Optimo: 1312.0  Desvio: 13.6%
Lista tabu: [((50,44,3.162),1), ((10,13,2.236),1), ((11,24,4.123),2), ((39,23,0.0),2), ((11,39,7.071),1), ((35,49,3.0),3), ((21,31,4.123),3), ((21,35,25.942),2), ((24,47,2.828),4), ((39,23,0.0),4), ((24,39,3.0),3), ((31,32,5.099),5), ((7,45,15.811),5), ((7,31,10.77),4), ((42,46,2.236),6), ((40,2,16.279),6), ((40,42,7.071),5), ((28,21,3.162),7), ((45,1,13.601),7), ((28,45,25.71),6), ((37,34,3.162),8), ((47,39,2.236),8), ((37,39,25.71),7)]

+-+-+-+-+-+-+-+-+-+-+-+-+-+-+-+-+-+-+-+-+-+- Iteracion 267  +-+-+-+-+-+-+-+-+-+-+-+-+-+-+-+-+-+-+-+-+-+-


Ruta #1: [1, 3, 8, 50, 44, 12, 37, 34, 10, 13, 38]
Costo asociado: 104.708      Capacidad: 97.0

Ruta #2: [1, 35, 49, 41, 28, 21, 31, 32, 7, 45]
Costo asociado: 89.656      Capacidad: 95.0

Ruta #3: [1, 15, 17, 25, 26, 5, 27, 19]
Costo asociado: 224.799      Capacidad: 95.0

Ruta #4: [1, 4, 14, 11, 24, 47, 39, 23]
Costo asociado: 118.83200000000001      Capacidad: 96.0

Ruta #5: [1, 36, 42, 46, 40, 2, 18]
Costo asociado: 209.722      Capacidad: 99.0

Ruta #6: [1, 16, 9, 43, 22, 33]
Costo asociado: 275.51099999999997      Capacidad: 97.0

Ruta #7: [1, 48, 6]
Costo asociado: 236.466      Capacidad: 94.0

Ruta #8: [1, 29, 30, 20]
Costo asociado: 230.52      Capacidad: 62.0

--> Costo total: 1440.1170000000002          Capacidad total: 735.0

+-+-+-+-+-+-+-+-+-+-+-+-+-+-+-+-+-+-+-+-+-+- Iteracion 267  +-+-+-+-+-+-+-+-+-+-+-+-+-+-+-+-+-+-+-+-+-+-

La solución anterior duró 0min 3seg    -------> Nuevo optimo local. Costo: 1440.1170000000002       ==> Optimo: 1312.0  Desvio: 13.6%
Lista tabu: [((41,28,20.591),1), ((31,32,5.099),1), ((15,17,12.649),2), ((26,5,33.838),2), ((15,26,20.591),1), ((24,47,2.828),3), ((23,1,52.345),3), ((23,24,3.0),2), ((4,14,1.414),4), ((47,39,2.236),4), ((4,47,7.28),3), ((35,49,3.0),5), ((41,28,20.591),5), ((35,41,6.083),4), ((50,44,3.162),6), ((34,10,1.0),6), ((34,50,4.0),5), ((28,21,3.162),7), ((32,7,7.071),7), ((28,32,10.63),6), ((4,14,1.414),8), ((1,15,42.19),8), ((4,15,15.811),7)]

+-+-+-+-+-+-+-+-+-+-+-+-+-+-+-+-+-+-+-+-+-+- Iteracion 276  +-+-+-+-+-+-+-+-+-+-+-+-+-+-+-+-+-+-+-+-+-+-


Ruta #1: [1, 3, 8, 50, 44, 12, 37, 34, 10, 13, 38]
Costo asociado: 104.708      Capacidad: 97.0

Ruta #2: [1, 35, 49, 41, 28, 21, 31, 32, 7, 45]
Costo asociado: 89.656      Capacidad: 95.0

Ruta #3: [1, 15, 17, 25, 26, 5, 27, 19]
Costo asociado: 224.799      Capacidad: 95.0

Ruta #4: [1, 4, 14, 11, 24, 47, 39, 23]
Costo asociado: 118.83200000000001      Capacidad: 96.0

Ruta #5: [1, 36, 42, 46, 40, 2, 18]
Costo asociado: 209.722      Capacidad: 99.0

Ruta #6: [1, 16, 9, 43, 22]
Costo asociado: 223.59      Capacidad: 76.0

Ruta #7: [1, 48, 6]
Costo asociado: 236.466      Capacidad: 94.0

Ruta #8: [1, 29, 30, 20, 33]
Costo asociado: 232.344      Capacidad: 83.0

--> Costo total: 1437.603          Capacidad total: 735.0

+-+-+-+-+-+-+-+-+-+-+-+-+-+-+-+-+-+-+-+-+-+- Iteracion 276  +-+-+-+-+-+-+-+-+-+-+-+-+-+-+-+-+-+-+-+-+-+-

La solución anterior duró 0min 0seg    -------> Nuevo optimo local. Costo: 1437.603       ==> Optimo: 1312.0  Desvio: 9.8%
Lista tabu: [((20,1,113.018),5), ((22,33,34.785),5), ((20,33,8.062),3), ((46,40,5.0),1), ((2,18,21.213),1), ((14,11,7.616),2), ((24,47,2.828),2), ((14,24,5.0),1), ((24,47,2.828),3), ((39,23,0.0),3), ((24,39,3.0),2), ((41,28,20.591),4), ((32,7,7.071),4), ((32,41,21.095),3), ((50,44,3.162),5), ((38,1,39.051),5), ((38,50,7.071),4), ((12,37,3.606),6), ((38,1,39.051),6), ((12,38,9.22),5), ((8,50,11.402),7), ((44,12,3.0),7), ((8,44,12.806),6), ((44,12,3.0),8), ((34,10,1.0),8), ((34,44,4.243),7)]

+-+-+-+-+-+-+-+-+-+-+-+-+-+-+-+-+-+-+-+-+-+- Iteracion 330  +-+-+-+-+-+-+-+-+-+-+-+-+-+-+-+-+-+-+-+-+-+-


Ruta #1: [1, 3, 8, 50, 44, 12, 37, 34, 10, 13, 38]
Costo asociado: 104.708      Capacidad: 97.0

Ruta #2: [1, 35, 49, 41, 28, 21, 31, 32, 7, 45]
Costo asociado: 89.656      Capacidad: 95.0

Ruta #3: [1, 15, 17, 25, 26, 5, 19, 27]
Costo asociado: 222.28500000000003      Capacidad: 95.0

Ruta #4: [1, 4, 14, 11, 24, 47, 39, 23]
Costo asociado: 118.83200000000001      Capacidad: 96.0

Ruta #5: [1, 36, 42, 46, 40, 2, 18]
Costo asociado: 209.722      Capacidad: 99.0

Ruta #6: [1, 16, 9, 43, 22]
Costo asociado: 223.59      Capacidad: 76.0

Ruta #7: [1, 48, 6]
Costo asociado: 236.466      Capacidad: 94.0

Ruta #8: [1, 29, 30, 20, 33]
Costo asociado: 232.344      Capacidad: 83.0

--> Costo total: 1411.761          Capacidad total: 735.0

+-+-+-+-+-+-+-+-+-+-+-+-+-+-+-+-+-+-+-+-+-+- Iteracion 330  +-+-+-+-+-+-+-+-+-+-+-+-+-+-+-+-+-+-+-+-+-+-

La solución anterior duró 0min 1seg    -------> Nuevo optimo local. Costo: 1411.761       ==> Optimo: 1312.0  Desvio: 9.6%
Lista tabu: [((14,11,7.616),1), ((39,23,0.0),1), ((21,31,4.123),2), ((25,26,12.083),2), ((21,26,12.728),1), ((14,11,7.616),3), ((23,1,52.345),3), ((14,23,4.0),2), ((4,14,1.414),4), ((39,23,0.0),4), ((4,39,5.099),3), ((47,39,2.236),5), ((23,1,52.345),5), ((23,47,2.236),4), ((12,37,3.606),6), ((34,10,1.0),6), ((12,34,6.708),5), ((40,2,16.279),7), ((2,18,21.213),7), ((16,9,61.351),7), ((2,9,13.928),6), ((4,14,1.414),8), ((39,23,0.0),8), ((47,39,2.236),8), ((4,39,5.099),7)]

+-+-+-+-+-+-+-+-+-+-+-+-+-+-+-+-+-+-+-+-+-+- Iteracion 332  +-+-+-+-+-+-+-+-+-+-+-+-+-+-+-+-+-+-+-+-+-+-


Ruta #1: [1, 3, 8, 50, 44, 12, 37, 34, 10, 13, 38]
Costo asociado: 104.708      Capacidad: 97.0

Ruta #2: [1, 35, 49, 41, 28, 21, 31, 32, 7, 45]
Costo asociado: 89.656      Capacidad: 95.0

Ruta #3: [1, 15, 17, 25, 26, 5, 19, 27]
Costo asociado: 222.28500000000003      Capacidad: 95.0

Ruta #4: [1, 4, 14, 11, 24, 47, 39, 23]
Costo asociado: 118.83200000000001      Capacidad: 96.0

Ruta #5: [1, 36, 42, 46, 40, 2]
Costo asociado: 173.157      Capacidad: 87.0

Ruta #6: [1, 16, 9, 18, 43, 22]
Costo asociado: 234.31300000000002      Capacidad: 88.0

Ruta #7: [1, 48, 6]
Costo asociado: 236.466      Capacidad: 94.0

Ruta #8: [1, 29, 30, 20, 33]
Costo asociado: 232.344      Capacidad: 83.0

--> Costo total: 1407.633          Capacidad total: 735.0

+-+-+-+-+-+-+-+-+-+-+-+-+-+-+-+-+-+-+-+-+-+- Iteracion 332  +-+-+-+-+-+-+-+-+-+-+-+-+-+-+-+-+-+-+-+-+-+-

La solución anterior duró 0min 0seg    -------> Nuevo optimo local. Costo: 1407.633       ==> Optimo: 1312.0  Desvio: 7.6%
Lista tabu: [((14,11,7.616),1), ((23,1,52.345),1), ((4,14,1.414),2), ((39,23,0.0),2), ((4,39,5.099),1), ((47,39,2.236),3), ((23,1,52.345),3), ((23,47,2.236),2), ((12,37,3.606),4), ((34,10,1.0),4), ((12,34,6.708),3), ((40,2,16.279),5), ((2,18,21.213),5), ((16,9,61.351),5), ((2,9,13.928),4), ((4,14,1.414),6), ((39,23,0.0),6), ((47,39,2.236),6), ((4,39,5.099),5), ((2,18,21.213),12), ((18,1,100.499),12), ((9,43,3.606),12), ((18,43,6.083),10), ((37,34,3.162),8), ((38,1,39.051),8), ((13,38,1.414),8), ((37,38,5.657),7)]

+-+-+-+-+-+-+-+-+-+-+-+-+-+-+-+-+-+-+-+-+-+- Iteracion 363  +-+-+-+-+-+-+-+-+-+-+-+-+-+-+-+-+-+-+-+-+-+-


Ruta #1: [1, 3, 8, 50, 44, 12, 37, 34, 10, 13, 38]
Costo asociado: 104.708      Capacidad: 97.0

Ruta #2: [1, 35, 49, 41, 28, 21, 31, 32, 7, 45]
Costo asociado: 89.656      Capacidad: 95.0

Ruta #3: [1, 15, 17, 25, 26, 5, 19, 27]
Costo asociado: 222.28500000000003      Capacidad: 95.0

Ruta #4: [1, 4, 14, 24, 47, 39, 23]
Costo asociado: 112.093      Capacidad: 84.0

Ruta #5: [1, 36, 11, 42, 46, 40, 2]
Costo asociado: 175.768      Capacidad: 99.0

Ruta #6: [1, 16, 9, 18, 43, 22]
Costo asociado: 234.31300000000002      Capacidad: 88.0

Ruta #7: [1, 48, 6]
Costo asociado: 236.466      Capacidad: 94.0

Ruta #8: [1, 29, 30, 20, 33]
Costo asociado: 232.344      Capacidad: 83.0

--> Costo total: 1407.062          Capacidad total: 735.0

+-+-+-+-+-+-+-+-+-+-+-+-+-+-+-+-+-+-+-+-+-+- Iteracion 363  +-+-+-+-+-+-+-+-+-+-+-+-+-+-+-+-+-+-+-+-+-+-

La solución anterior duró 0min 1seg    -------> Nuevo optimo local. Costo: 1407.062       ==> Optimo: 1312.0  Desvio: 7.3%
Lista tabu: [((1,3,11.18),1), ((3,8,25.495),1), ((32,7,7.071),1), ((44,12,3.0),2), ((13,38,1.414),2), ((10,13,2.236),2), ((13,44,5.831),1), ((1,3,11.18),3), ((3,8,25.495),3), ((35,49,3.0),3), ((3,49,6.708),2), ((28,21,3.162),4), ((31,32,5.099),4), ((28,31,7.28),3), ((41,28,20.591),5), ((21,31,4.123),5), ((21,41,21.401),4), ((44,12,3.0),6), ((13,38,1.414),6), ((10,13,2.236),6), ((13,44,5.831),5), ((50,44,3.162),7), ((12,37,3.606),7), ((12,50,6.083),6), ((5,19,17.72),8), ((27,1,84.006),8), ((5,27,8.485),7)]

+-+-+-+-+-+-+-+-+-+-+-+-+-+-+-+-+-+-+-+-+-+- Iteracion 522  +-+-+-+-+-+-+-+-+-+-+-+-+-+-+-+-+-+-+-+-+-+-


Ruta #1: [1, 3, 8, 50, 44, 12, 37, 34, 10, 13, 38]
Costo asociado: 104.708      Capacidad: 97.0

Ruta #2: [1, 35, 49, 41, 28, 21, 31, 32, 7, 45]
Costo asociado: 89.656      Capacidad: 95.0

Ruta #3: [1, 15, 17, 25, 26, 5, 19]
Costo asociado: 218.478      Capacidad: 93.0

Ruta #4: [1, 4, 14, 24, 47, 39, 23]
Costo asociado: 112.093      Capacidad: 84.0

Ruta #5: [1, 36, 11, 42, 46, 40, 2]
Costo asociado: 175.768      Capacidad: 99.0

Ruta #6: [1, 16, 9, 18, 43, 22]
Costo asociado: 234.31300000000002      Capacidad: 88.0

Ruta #7: [1, 27, 48, 6]
Costo asociado: 239.702      Capacidad: 96.0

Ruta #8: [1, 29, 30, 20, 33]
Costo asociado: 232.344      Capacidad: 83.0

--> Costo total: 1406.357          Capacidad total: 735.0

+-+-+-+-+-+-+-+-+-+-+-+-+-+-+-+-+-+-+-+-+-+- Iteracion 522  +-+-+-+-+-+-+-+-+-+-+-+-+-+-+-+-+-+-+-+-+-+-

La solución anterior duró 0min 4seg    -------> Nuevo optimo local. Costo: 1406.357       ==> Optimo: 1312.0  Desvio: 7.2%
Lista tabu: [((4,14,1.414),1), ((24,47,2.828),1), ((35,49,3.0),2), ((7,45,15.811),2), ((32,7,7.071),2), ((7,35,16.971),1), ((44,12,3.0),3), ((12,37,3.606),3), ((39,23,0.0),3), ((12,23,23.409),2), ((14,24,5.0),4), ((23,1,52.345),4), ((39,23,0.0),4), ((14,23,4.0),3), ((36,11,1.414),5), ((40,2,16.279),5), ((46,40,5.0),5), ((36,40,10.63),4), ((15,17,12.649),6), ((25,26,12.083),6), ((15,25,16.553),5), ((50,44,3.162),7), ((13,38,1.414),7), ((10,13,2.236),7), ((13,50,6.0),6), ((49,41,3.162),8), ((7,45,15.811),8), ((32,7,7.071),8), ((7,49,15.0),7)]

+-+-+-+-+-+-+-+-+-+-+-+-+-+-+-+-+-+-+-+-+-+- Iteracion 551  +-+-+-+-+-+-+-+-+-+-+-+-+-+-+-+-+-+-+-+-+-+-


Ruta #1: [1, 3, 8, 10, 50, 44, 12, 37, 34, 13, 38]
Costo asociado: 104.003      Capacidad: 97.0

Ruta #2: [1, 35, 49, 41, 28, 21, 31, 32, 7, 45]
Costo asociado: 89.656      Capacidad: 95.0

Ruta #3: [1, 15, 17, 25, 26, 5, 19]
Costo asociado: 218.478      Capacidad: 93.0

Ruta #4: [1, 4, 14, 24, 47, 39, 23]
Costo asociado: 112.093      Capacidad: 84.0

Ruta #5: [1, 36, 11, 42, 46, 40, 2]
Costo asociado: 175.768      Capacidad: 99.0

Ruta #6: [1, 16, 9, 18, 43, 22]
Costo asociado: 234.31300000000002      Capacidad: 88.0

Ruta #7: [1, 27, 48, 6]
Costo asociado: 239.702      Capacidad: 96.0

Ruta #8: [1, 29, 30, 20, 33]
Costo asociado: 232.344      Capacidad: 83.0

--> Costo total: 1406.315          Capacidad total: 735.0

+-+-+-+-+-+-+-+-+-+-+-+-+-+-+-+-+-+-+-+-+-+- Iteracion 551  +-+-+-+-+-+-+-+-+-+-+-+-+-+-+-+-+-+-+-+-+-+-

La solución anterior duró 0min 1seg    -------> Nuevo optimo local. Costo: 1406.315       ==> Optimo: 1312.0  Desvio: 7.2%
Lista tabu: [((50,44,3.162),1), ((37,34,3.162),1), ((12,37,3.606),1), ((34,13,2.0),2), ((13,38,1.414),2), ((35,49,3.0),2), ((13,49,23.77),1), ((42,46,2.236),3), ((2,1,85.147),3), ((40,2,16.279),3), ((2,42,22.204),2), ((35,49,3.0),4), ((7,45,15.811),4), ((32,7,7.071),4), ((7,35,16.971),3), ((1,36,58.412),5), ((36,11,1.414),5), ((24,47,2.828),5), ((36,47,7.28),4), ((42,46,2.236),6), ((2,1,85.147),6), ((40,2,16.279),6), ((2,42,22.204),5), ((28,21,3.162),7), ((7,45,15.811),7), ((32,7,7.071),7), ((7,28,12.369),6), ((36,11,1.414),8), ((11,42,7.28),8), ((14,24,5.0),8), ((11,24,4.123),7)]

+-+-+-+-+-+-+-+-+-+-+-+-+-+-+-+-+-+-+-+-+-+- Iteracion 659  +-+-+-+-+-+-+-+-+-+-+-+-+-+-+-+-+-+-+-+-+-+-


Ruta #1: [1, 3, 8, 10, 34, 50, 44, 12, 37, 13, 38]
Costo asociado: 103.961      Capacidad: 97.0

Ruta #2: [1, 35, 49, 41, 28, 21, 31, 32, 7, 45]
Costo asociado: 89.656      Capacidad: 95.0

Ruta #3: [1, 15, 17, 25, 26, 5, 19]
Costo asociado: 218.478      Capacidad: 93.0

Ruta #4: [1, 4, 14, 24, 47, 39, 23]
Costo asociado: 112.093      Capacidad: 84.0

Ruta #5: [1, 36, 11, 42, 46, 40, 2]
Costo asociado: 175.768      Capacidad: 99.0

Ruta #6: [1, 16, 9, 18, 43, 22]
Costo asociado: 234.31300000000002      Capacidad: 88.0

Ruta #7: [1, 27, 48, 6]
Costo asociado: 239.702      Capacidad: 96.0

Ruta #8: [1, 29, 30, 20, 33]
Costo asociado: 232.344      Capacidad: 83.0

--> Costo total: 1405.852          Capacidad total: 735.0

+-+-+-+-+-+-+-+-+-+-+-+-+-+-+-+-+-+-+-+-+-+- Iteracion 659  +-+-+-+-+-+-+-+-+-+-+-+-+-+-+-+-+-+-+-+-+-+-

La solución anterior duró 0min 3seg    -------> Nuevo optimo local. Costo: 1405.852       ==> Optimo: 1312.0  Desvio: 7.2%
Lista tabu: [((49,41,3.162),1), ((28,21,3.162),1), ((12,37,3.606),2), ((47,39,2.236),2), ((12,39,23.409),1), ((26,5,33.838),3), ((12,37,3.606),3), ((26,37,9.849),2), ((8,10,7.81),4), ((12,37,3.606),4), ((8,12,15.264),3), ((4,14,1.414),5), ((24,47,2.828),5), ((4,24,6.403),4), ((50,44,3.162),6), ((37,13,4.243),6), ((37,50,4.243),5), ((21,31,4.123),7), ((7,45,15.811),7), ((7,21,11.0),6), ((10,34,1.0),8), ((44,12,3.0),8), ((10,44,5.0),7)]

+-+-+-+-+-+-+-+-+-+-+-+-+-+-+-+-+-+-+-+-+-+- Iteracion 703  +-+-+-+-+-+-+-+-+-+-+-+-+-+-+-+-+-+-+-+-+-+-


Ruta #1: [1, 3, 8, 10, 34, 26, 5, 19]
Costo asociado: 200.608      Capacidad: 91.0

Ruta #2: [1, 35, 49, 41, 28, 21, 31, 32, 7, 45]
Costo asociado: 89.656      Capacidad: 95.0

Ruta #3: [1, 15, 17, 25, 50, 44, 12, 37, 13, 38]
Costo asociado: 121.368      Capacidad: 99.0

Ruta #4: [1, 4, 14, 24, 47, 39, 23]
Costo asociado: 112.093      Capacidad: 84.0

Ruta #5: [1, 36, 11, 42, 46, 40, 2]
Costo asociado: 175.768      Capacidad: 99.0

Ruta #6: [1, 16, 9, 18, 43, 22]
Costo asociado: 234.31300000000002      Capacidad: 88.0

Ruta #7: [1, 27, 48, 6]
Costo asociado: 239.702      Capacidad: 96.0

Ruta #8: [1, 29, 30, 20, 33]
Costo asociado: 232.344      Capacidad: 83.0

--> Costo total: 1405.75          Capacidad total: 735.0

+-+-+-+-+-+-+-+-+-+-+-+-+-+-+-+-+-+-+-+-+-+- Iteracion 703  +-+-+-+-+-+-+-+-+-+-+-+-+-+-+-+-+-+-+-+-+-+-

La solución anterior duró 0min 2seg    -------> Nuevo optimo local. Costo: 1405.75       ==> Optimo: 1312.0  Desvio: 7.2%
Lista tabu: [((9,18,8.246),1), ((43,22,10.44),1), ((29,30,5.385),2), ((20,33,8.062),2), ((20,29,8.062),1), ((4,14,1.414),3), ((24,47,2.828),3), ((4,24,6.403),2), ((14,24,5.0),4), ((47,39,2.236),4), ((14,47,6.083),3), ((49,41,3.162),5), ((32,7,7.071),5), ((32,49,22.023),4), ((49,41,3.162),6), ((28,21,3.162),6), ((28,49,22.847),5), ((28,21,3.162),7), ((10,34,1.0),7), ((28,34,3.0),6), ((4,14,1.414),8), ((47,39,2.236),8), ((4,47,7.28),7)]

+-+-+-+-+-+-+-+-+-+-+-+-+-+-+-+-+-+-+-+-+-+- Iteracion 720  +-+-+-+-+-+-+-+-+-+-+-+-+-+-+-+-+-+-+-+-+-+-


Ruta #1: [1, 3, 8, 10, 34, 26, 5, 19]
Costo asociado: 200.608      Capacidad: 91.0

Ruta #2: [1, 35, 49, 41, 28, 21, 31, 32, 7, 45]
Costo asociado: 89.656      Capacidad: 95.0

Ruta #3: [1, 15, 17, 25, 12, 44, 50, 37, 13, 38]
Costo asociado: 121.266      Capacidad: 99.0

Ruta #4: [1, 4, 14, 24, 47, 39, 23]
Costo asociado: 112.093      Capacidad: 84.0

Ruta #5: [1, 36, 11, 42, 46, 40, 2]
Costo asociado: 175.768      Capacidad: 99.0

Ruta #6: [1, 16, 9, 18, 43, 22]
Costo asociado: 234.31300000000002      Capacidad: 88.0

Ruta #7: [1, 27, 48, 6]
Costo asociado: 239.702      Capacidad: 96.0

Ruta #8: [1, 29, 30, 20, 33]
Costo asociado: 232.344      Capacidad: 83.0

--> Costo total: 1404.632          Capacidad total: 735.0

+-+-+-+-+-+-+-+-+-+-+-+-+-+-+-+-+-+-+-+-+-+- Iteracion 720  +-+-+-+-+-+-+-+-+-+-+-+-+-+-+-+-+-+-+-+-+-+-

La solución anterior duró 0min 0seg    -------> Nuevo optimo local. Costo: 1404.632       ==> Optimo: 1312.0  Desvio: 7.1%
Lista tabu: [((49,41,3.162),1), ((21,31,4.123),1), ((12,44,3.0),2), ((37,13,4.243),2), ((12,37,3.606),1), ((49,41,3.162),3), ((7,45,15.811),3), ((7,49,15.0),2), ((28,21,3.162),4), ((31,32,5.099),4), ((28,31,7.28),3), ((24,47,2.828),5), ((39,23,0.0),5), ((24,39,3.0),4), ((4,14,1.414),6), ((23,1,52.345),6), ((4,23,5.099),5), ((14,24,5.0),7), ((47,39,2.236),7), ((14,47,6.083),6), ((14,24,5.0),8), ((39,23,0.0),8), ((14,39,4.0),7)]

+-+-+-+-+-+-+-+-+-+-+-+-+-+-+-+-+-+-+-+-+-+- Iteracion 879  +-+-+-+-+-+-+-+-+-+-+-+-+-+-+-+-+-+-+-+-+-+-


Ruta #1: [1, 3, 8, 10, 34, 26, 5, 19]
Costo asociado: 200.608      Capacidad: 91.0

Ruta #2: [1, 35, 49, 41, 28, 21, 31, 32, 7, 45]
Costo asociado: 89.656      Capacidad: 95.0

Ruta #3: [1, 15, 17, 25, 12, 44, 50, 37, 13, 38]
Costo asociado: 121.266      Capacidad: 99.0

Ruta #4: [1, 4, 14, 24, 47, 39, 23]
Costo asociado: 112.093      Capacidad: 84.0

Ruta #5: [1, 36, 11, 42, 46, 2, 40]
Costo asociado: 174.64999999999998      Capacidad: 99.0

Ruta #6: [1, 16, 9, 18, 43, 22]
Costo asociado: 234.31300000000002      Capacidad: 88.0

Ruta #7: [1, 27, 48, 6]
Costo asociado: 239.702      Capacidad: 96.0

Ruta #8: [1, 29, 30, 20, 33]
Costo asociado: 232.344      Capacidad: 83.0

--> Costo total: 1401.828          Capacidad total: 735.0

+-+-+-+-+-+-+-+-+-+-+-+-+-+-+-+-+-+-+-+-+-+- Iteracion 879  +-+-+-+-+-+-+-+-+-+-+-+-+-+-+-+-+-+-+-+-+-+-

La solución anterior duró 0min 3seg    -------> Nuevo optimo local. Costo: 1401.828       ==> Optimo: 1312.0  Desvio: 7.1%
Lista tabu: [((41,28,20.591),1), ((21,31,4.123),1), ((15,17,12.649),2), ((13,38,1.414),2), ((13,15,12.369),1), ((12,44,3.0),3), ((24,47,2.828),3), ((12,47,23.77),2), ((21,31,4.123),4), ((12,44,3.0),4), ((21,44,7.0),3), ((15,17,12.649),5), ((37,13,4.243),5), ((15,37,10.817),4), ((32,7,7.071),6), ((45,1,13.601),6), ((32,45,22.804),5), ((44,50,3.162),7), ((37,13,4.243),7), ((37,44,2.0),6), ((28,21,3.162),8), ((10,34,1.0),8), ((28,34,3.0),7)]

+-+-+-+-+-+-+-+-+-+-+-+-+-+-+-+-+-+-+-+-+-+- Iteracion 1230  +-+-+-+-+-+-+-+-+-+-+-+-+-+-+-+-+-+-+-+-+-+-


Ruta #1: [1, 3, 8, 10, 34, 26, 5, 19]
Costo asociado: 200.608      Capacidad: 91.0

Ruta #2: [1, 35, 49, 41, 28, 21, 31, 32, 7, 45]
Costo asociado: 89.656      Capacidad: 95.0

Ruta #3: [1, 15, 17, 25, 12, 44, 50, 37, 13, 38]
Costo asociado: 121.266      Capacidad: 99.0

Ruta #4: [1, 4, 14, 24, 47, 39, 23]
Costo asociado: 112.093      Capacidad: 84.0

Ruta #5: [1, 36, 40, 2, 46, 42, 11]
Costo asociado: 171.846      Capacidad: 99.0

Ruta #6: [1, 16, 9, 18, 43, 22]
Costo asociado: 234.31300000000002      Capacidad: 88.0

Ruta #7: [1, 27, 48, 6]
Costo asociado: 239.702      Capacidad: 96.0

Ruta #8: [1, 29, 30, 20, 33]
Costo asociado: 232.344      Capacidad: 83.0

--> Costo total: 1400.8600000000001          Capacidad total: 735.0

+-+-+-+-+-+-+-+-+-+-+-+-+-+-+-+-+-+-+-+-+-+- Iteracion 1230  +-+-+-+-+-+-+-+-+-+-+-+-+-+-+-+-+-+-+-+-+-+-

La solución anterior duró 0min 8seg    -------> Nuevo optimo local. Costo: 1400.8600000000001       ==> Optimo: 1312.0  Desvio: 6.8%
Lista tabu: [((28,21,3.162),1), ((10,34,1.0),1), ((12,44,3.0),2), ((24,47,2.828),2), ((12,47,23.77),1), ((36,40,10.63),3), ((46,42,2.236),3), ((36,46,7.616),2), ((35,49,3.0),4), ((41,28,20.591),4), ((35,41,6.083),3), ((29,30,5.385),5), ((33,1,106.78),5), ((29,33,3.162),4), ((9,18,8.246),6), ((22,1,89.644),6), ((9,22,10.0),5), ((17,25,4.243),7), ((50,37,4.243),7), ((17,50,8.544),6), ((1,4,48.27),8), ((4,14,1.414),8), ((31,32,5.099),8), ((4,32,19.0),7)]

+-+-+-+-+-+-+-+-+-+-+-+-+-+-+-+-+-+-+-+-+-+- Iteracion 1410  +-+-+-+-+-+-+-+-+-+-+-+-+-+-+-+-+-+-+-+-+-+-


Ruta #1: [1, 3, 8, 10, 34, 26, 5, 19]
Costo asociado: 200.608      Capacidad: 91.0

Ruta #2: [1, 35, 49, 41, 28, 21, 31, 32, 7, 45]
Costo asociado: 89.656      Capacidad: 95.0

Ruta #3: [1, 15, 12, 17, 25, 44, 50, 37, 13, 38]
Costo asociado: 120.298      Capacidad: 99.0

Ruta #4: [1, 4, 14, 24, 47, 39, 23]
Costo asociado: 112.093      Capacidad: 84.0

Ruta #5: [1, 36, 40, 2, 46, 42, 11]
Costo asociado: 171.846      Capacidad: 99.0

Ruta #6: [1, 16, 9, 18, 43, 22]
Costo asociado: 234.31300000000002      Capacidad: 88.0

Ruta #7: [1, 27, 48, 6]
Costo asociado: 239.702      Capacidad: 96.0

Ruta #8: [1, 29, 30, 20, 33]
Costo asociado: 232.344      Capacidad: 83.0

--> Costo total: 1399.147          Capacidad total: 735.0

+-+-+-+-+-+-+-+-+-+-+-+-+-+-+-+-+-+-+-+-+-+- Iteracion 1410  +-+-+-+-+-+-+-+-+-+-+-+-+-+-+-+-+-+-+-+-+-+-

La solución anterior duró 0min 4seg    -------> Nuevo optimo local. Costo: 1399.147       ==> Optimo: 1312.0  Desvio: 6.8%
Lista tabu: [((37,13,4.243),1), ((13,38,1.414),1), ((34,26,7.81),1), ((12,17,4.472),2), ((13,38,1.414),2), ((37,13,4.243),2), ((12,13,7.81),1), ((8,10,7.81),3), ((26,5,33.838),3), ((34,26,7.81),3), ((8,26,10.05),2), ((21,31,4.123),4), ((31,32,5.099),4), ((47,39,2.236),4), ((31,39,21.0),3), ((28,21,3.162),5), ((7,45,15.811),5), ((32,7,7.071),5), ((7,28,12.369),4), ((17,25,4.243),6), ((13,38,1.414),6), ((37,13,4.243),6), ((13,17,12.042),5), ((44,50,3.162),7), ((37,13,4.243),7), ((37,44,2.0),6), ((1,35,14.036),8), ((41,28,20.591),8), ((49,41,3.162),8), ((1,41,20.0),7)]

Ruta #1: [1, 3, 8, 10, 34, 26, 5, 19]
Costo asociado: 200.608      Capacidad: 91.0

Ruta #2: [1, 35, 49, 41, 28, 21, 31, 32, 7, 45]
Costo asociado: 89.656      Capacidad: 95.0

Ruta #3: [1, 15, 12, 17, 25, 50, 44, 37, 13, 38]
Costo asociado: 118.58500000000001      Capacidad: 99.0

Ruta #4: [1, 4, 14, 24, 47, 39, 23]
Costo asociado: 112.093      Capacidad: 84.0

Ruta #5: [1, 36, 40, 2, 46, 42, 11]
Costo asociado: 171.846      Capacidad: 99.0

Ruta #6: [1, 16, 9, 18, 43, 22]
Costo asociado: 234.31300000000002      Capacidad: 88.0

Ruta #7: [1, 27, 48, 6]
Costo asociado: 239.702      Capacidad: 96.0

Ruta #8: [1, 29, 30, 20, 33]
Costo asociado: 232.344      Capacidad: 83.0

--> Costo total: 1414.527          Capacidad total: 735.0

+-+-+-+-+-+-+-+-+-+-+-+-+-+-+-+-+-+-+-+-+-+- Iteracion 2013  +-+-+-+-+-+-+-+-+-+-+-+-+-+-+-+-+-+-+-+-+-+-


Ruta #1: [1, 3, 8, 10, 34, 26, 5, 19]
Costo asociado: 200.608      Capacidad: 91.0

Ruta #2: [1, 35, 49, 41, 28, 21, 31, 32, 7, 45]
Costo asociado: 89.656      Capacidad: 95.0

Ruta #3: [1, 15, 12, 17, 25, 50, 44, 37, 13, 38]
Costo asociado: 118.58500000000001      Capacidad: 99.0

Ruta #4: [1, 4, 14, 24, 47, 39, 23]
Costo asociado: 112.093      Capacidad: 84.0

Ruta #5: [1, 36, 40, 2, 46, 42, 11]
Costo asociado: 171.846      Capacidad: 99.0

Ruta #6: [1, 16, 9, 18, 43, 22]
Costo asociado: 234.31300000000002      Capacidad: 88.0

Ruta #7: [1, 27, 48, 6]
Costo asociado: 239.702      Capacidad: 96.0

Ruta #8: [1, 29, 30, 20, 33]
Costo asociado: 232.344      Capacidad: 83.0

--> Costo total: 1413.8000000000002          Capacidad total: 735.0

+-+-+-+-+-+-+-+-+-+-+-+-+-+-+-+-+-+-+-+-+-+- Iteracion 2013  +-+-+-+-+-+-+-+-+-+-+-+-+-+-+-+-+-+-+-+-+-+-

Nuevo optimo. Costo: 1413.8000000000002
Lista tabu: [((12,17,4.472),6), ((13,38,1.414),6), ((37,13,4.243),6), ((12,13,7.81),5), ((35,49,3.0),7), ((7,45,15.811),7), ((32,7,7.071),7), ((7,35,16.971),6), ((1,15,42.19),8), ((15,12,10.0),8), ((47,39,2.236),8), ((15,39,16.0),7)]

+-+-+-+-+-+-+-+-+-+-+-+-+-+-+-+-+-+-+-+-+-+- Iteracion 2026  +-+-+-+-+-+-+-+-+-+-+-+-+-+-+-+-+-+-+-+-+-+-


Ruta #1: [1, 3, 8, 10, 34, 26, 5, 19]
Costo asociado: 200.608      Capacidad: 91.0

Ruta #2: [1, 35, 49, 41, 28, 21, 31, 32, 7, 45]
Costo asociado: 89.656      Capacidad: 95.0

Ruta #3: [1, 15, 12, 17, 25, 50, 44, 37, 13, 38]
Costo asociado: 118.58500000000001      Capacidad: 99.0

Ruta #4: [1, 4, 14, 24, 47, 39, 23]
Costo asociado: 112.093      Capacidad: 84.0

Ruta #5: [1, 36, 40, 2, 46, 42, 11]
Costo asociado: 171.846      Capacidad: 99.0

Ruta #6: [1, 16, 9, 18, 43, 22]
Costo asociado: 234.31300000000002      Capacidad: 88.0

Ruta #7: [1, 27, 48, 6]
Costo asociado: 239.702      Capacidad: 96.0

Ruta #8: [1, 29, 30, 20, 33]
Costo asociado: 232.344      Capacidad: 83.0

--> Costo total: 1411.383          Capacidad total: 735.0

+-+-+-+-+-+-+-+-+-+-+-+-+-+-+-+-+-+-+-+-+-+- Iteracion 2026  +-+-+-+-+-+-+-+-+-+-+-+-+-+-+-+-+-+-+-+-+-+-

Nuevo optimo. Costo: 1411.383
Lista tabu: [((13,17,12.042),1), ((44,37,2.0),1), ((50,44,3.162),1), ((50,37,4.243),1), ((38,1,39.051),1), ((4,14,1.414),2), ((23,1,52.345),2), ((39,23,0.0),2), ((4,23,5.099),1), ((39,23,0.0),3), ((23,1,52.345),3), ((31,32,5.099),3), ((23,32,20.616),2), ((13,44,5.831),4), ((17,25,4.243),4), ((13,17,12.042),3), ((1,36,58.412),5), ((36,40,10.63),5), ((47,39,2.236),5), ((36,39,8.0),4), ((49,41,3.162),6), ((32,7,7.071),6), ((31,32,5.099),6), ((32,49,22.023),5), ((35,49,3.0),7), ((7,45,15.811),7), ((32,7,7.071),7), ((7,35,16.971),6), ((15,12,10.0),8), ((44,17,6.403),8), ((13,44,5.831),8), ((15,44,12.042),7)]

+-+-+-+-+-+-+-+-+-+-+-+-+-+-+-+-+-+-+-+-+-+- Iteracion 2055  +-+-+-+-+-+-+-+-+-+-+-+-+-+-+-+-+-+-+-+-+-+-


Ruta #1: [1, 3, 8, 10, 34, 26, 5, 19]
Costo asociado: 200.608      Capacidad: 91.0

Ruta #2: [1, 35, 49, 41, 28, 21, 31, 32, 7, 45]
Costo asociado: 89.656      Capacidad: 95.0

Ruta #3: [1, 15, 12, 17, 25, 50, 44, 37, 13, 38]
Costo asociado: 118.58500000000001      Capacidad: 99.0

Ruta #4: [1, 4, 14, 24, 47, 39, 23]
Costo asociado: 112.093      Capacidad: 84.0

Ruta #5: [1, 36, 40, 2, 46, 42, 11]
Costo asociado: 171.846      Capacidad: 99.0

Ruta #6: [1, 16, 9, 18, 43, 22]
Costo asociado: 234.31300000000002      Capacidad: 88.0

Ruta #7: [1, 27, 48, 6]
Costo asociado: 239.702      Capacidad: 96.0

Ruta #8: [1, 29, 30, 20, 33]
Costo asociado: 232.344      Capacidad: 83.0

--> Costo total: 1404.816          Capacidad total: 735.0

+-+-+-+-+-+-+-+-+-+-+-+-+-+-+-+-+-+-+-+-+-+- Iteracion 2055  +-+-+-+-+-+-+-+-+-+-+-+-+-+-+-+-+-+-+-+-+-+-

Nuevo optimo. Costo: 1404.816
Lista tabu: [((49,41,3.162),1), ((21,31,4.123),1), ((28,21,3.162),1), ((15,12,10.0),2), ((12,13,7.81),2), ((47,39,2.236),2), ((12,39,23.409),1), ((1,3,11.18),3), ((3,8,25.495),3), ((1,35,14.036),3), ((3,35,4.243),2), ((14,24,5.0),4), ((47,39,2.236),4), ((14,47,6.083),3), ((42,11,7.28),5), ((11,1,57.009),5), ((39,23,0.0),5), ((11,23,7.071),4), ((15,12,10.0),6), ((12,13,7.81),6), ((47,39,2.236),6), ((12,39,23.409),5), ((2,46,20.0),7), ((42,11,7.28),7), ((2,42,22.204),6), ((4,14,1.414),8), ((23,1,52.345),8), ((39,23,0.0),8), ((4,23,5.099),7)]

+-+-+-+-+-+-+-+-+-+-+-+-+-+-+-+-+-+-+-+-+-+- Iteracion 2072  +-+-+-+-+-+-+-+-+-+-+-+-+-+-+-+-+-+-+-+-+-+-


Ruta #1: [1, 3, 8, 10, 34, 26, 5, 19]
Costo asociado: 200.608      Capacidad: 91.0

Ruta #2: [1, 35, 49, 41, 28, 21, 31, 32, 7, 45]
Costo asociado: 89.656      Capacidad: 95.0

Ruta #3: [1, 15, 12, 17, 25, 50, 44, 37, 13, 38]
Costo asociado: 118.58500000000001      Capacidad: 99.0

Ruta #4: [1, 4, 14, 24, 47, 39, 23]
Costo asociado: 112.093      Capacidad: 84.0

Ruta #5: [1, 36, 40, 2, 46, 42, 11]
Costo asociado: 171.846      Capacidad: 99.0

Ruta #6: [1, 16, 9, 18, 43, 22]
Costo asociado: 234.31300000000002      Capacidad: 88.0

Ruta #7: [1, 27, 48, 6]
Costo asociado: 239.702      Capacidad: 96.0

Ruta #8: [1, 29, 30, 20, 33]
Costo asociado: 232.344      Capacidad: 83.0

--> Costo total: 1403.279          Capacidad total: 735.0

+-+-+-+-+-+-+-+-+-+-+-+-+-+-+-+-+-+-+-+-+-+- Iteracion 2072  +-+-+-+-+-+-+-+-+-+-+-+-+-+-+-+-+-+-+-+-+-+-

Nuevo optimo. Costo: 1403.279
Lista tabu: [((17,25,4.243),1), ((38,1,39.051),1), ((50,38,7.071),1), ((15,12,10.0),2), ((12,37,3.606),2), ((39,23,0.0),2), ((12,23,23.409),1), ((1,36,58.412),3), ((36,40,10.63),3), ((47,39,2.236),3), ((36,39,8.0),2), ((13,28,1.0),4), ((31,32,5.099),4), ((21,31,4.123),4), ((13,31,7.616),3), ((15,12,10.0),5), ((25,50,7.81),5), ((17,25,4.243),5), ((15,25,16.553),4), ((1,15,42.19),6), ((15,12,10.0),6), ((39,23,0.0),6), ((15,23,16.0),5), ((15,12,10.0),7), ((50,38,7.071),7), ((25,50,7.81),7), ((15,50,15.0),6), ((41,13,21.471),8), ((13,28,1.0),8), ((17,25,4.243),8), ((13,25,13.0),7)]

+-+-+-+-+-+-+-+-+-+-+-+-+-+-+-+-+-+- Solucion Optima +-+-+-+-+-+-+-+-+-+-+-+-+-+-+-+-+-+-

Ruta #1: [1, 3, 8, 10, 34, 26, 5, 19]
Costo asociado: 200.608      Capacidad: 91.0

Ruta #2: [1, 35, 49, 41, 28, 21, 31, 32, 7, 45]
Costo asociado: 89.656      Capacidad: 95.0

Ruta #3: [1, 15, 12, 17, 25, 50, 44, 37, 13, 38]
Costo asociado: 118.58500000000001      Capacidad: 99.0

Ruta #4: [1, 4, 14, 24, 47, 39, 23]
Costo asociado: 112.093      Capacidad: 84.0

Ruta #5: [1, 36, 40, 2, 46, 42, 11]
Costo asociado: 171.846      Capacidad: 99.0

Ruta #6: [1, 16, 9, 18, 43, 22]
Costo asociado: 234.31300000000002      Capacidad: 88.0

Ruta #7: [1, 27, 48, 6]
Costo asociado: 239.702      Capacidad: 96.0

Ruta #8: [1, 29, 30, 20, 33]
Costo asociado: 232.344      Capacidad: 83.0


Costo total:  1399.147        Optimo real:  1312.0      Desviación: 6.6000000000000005%

Cantidad de iteraciones: 2133
Nro de vehiculos: 8
Capacidad Maxima/Vehiculo: 100.0
Tiempo total: 1min 0seg
Tiempo de estancamiento: 0min 18seg
